CHR_PATHOGENICvsBENIGN	BENIGN_SC	PATHOGENIC_SC	INTERSECTION	UNION	MINIMUM
CHR1_CooperPaper_hg19.BEDvsCHR1_10_ALL_GAIN.txt	30636177	18812009	5180485	44267701	18812009
CHR1_ReportedCNVs_hg19.BEDvsCHR1_10_ALL_GAIN.txt	30636177	27202140	2858540	54979777	27202140
CHR1_CLINGEN_Pathogenic_hg19.BEDvsCHR1_10_ALL_GAIN.txt	30636177	7066601	2035957	35666821	7066601
CHR1_OMIM_Dominant_hg19.BEDvsCHR1_10_ALL_GAIN.txt	30636177	16396383	258386	46774174	16396383
CHR1_MMS_hg19.BEDvsCHR1_10_ALL_GAIN.txt	30636177	23921412	2586137	51971452	23921412
CHR1_Primary_CNVs_10MB_hg19.BEDvsCHR1_10_ALL_GAIN.txt	30636177	47081806	3662509	74055474	30636177
CHR1_OMIM_Recessive_hg19.BEDvsCHR1_10_ALL_GAIN.txt	30636177	10433026	59061	41010142	10433026
CHR1_HIgenes_hg19.BEDvsCHR1_10_ALL_GAIN.txt	30636177	20842788	109762	51369203	20842788
CHR1_OMIM_OMI_hg19.BEDvsCHR1_10_ALL_GAIN.txt	30636177	118550	40898	30713829	118550
CHR1_Primary_CNVs_hg19.BEDvsCHR1_10_ALL_GAIN.txt	30636177	47081806	3662509	74055474	30636177
CHR1_CLINGEN+DECIPHER_hg19.BEDvsCHR1_10_ALL_GAIN.txt	30636177	14988693	2546541	43078329	14988693
CHR1_DECIPHER_hg19.BEDvsCHR1_10_ALL_GAIN.txt	30636177	14541819	2366485	42811511	14541819
CHR1_MorbidMap_hg19.BEDvsCHR1_10_ALL_GAIN.txt	30636177	18829385	325652	49139910	18829385
CHR1_OMIM_AllGenes_hg19.BEDvsCHR1_10_ALL_GAIN.txt	30636177	95036163	1738589	123933751	30636177
CHR1_CooperPaper_hg19.BEDvsCHR1_10_ALL_LOSS.txt	2499669	18812009	1175686	20135992	2499669
CHR1_ReportedCNVs_hg19.BEDvsCHR1_10_ALL_LOSS.txt	2499669	27202140	1094680	28607129	2499669
CHR1_CLINGEN_Pathogenic_hg19.BEDvsCHR1_10_ALL_LOSS.txt	2499669	7066601	716316	8849954	2499669
CHR1_OMIM_Dominant_hg19.BEDvsCHR1_10_ALL_LOSS.txt	2499669	16396383	0	18896052	2499669
CHR1_MMS_hg19.BEDvsCHR1_10_ALL_LOSS.txt	2499669	23921412	901148	25519933	2499669
CHR1_Primary_CNVs_10MB_hg19.BEDvsCHR1_10_ALL_LOSS.txt	2499669	47081806	797322	48784153	2499669
CHR1_OMIM_Recessive_hg19.BEDvsCHR1_10_ALL_LOSS.txt	2499669	10433026	5979	12926716	2499669
CHR1_HIgenes_hg19.BEDvsCHR1_10_ALL_LOSS.txt	2499669	20842788	0	23342457	2499669
CHR1_OMIM_OMI_hg19.BEDvsCHR1_10_ALL_LOSS.txt	2499669	118550	0	2618219	118550
CHR1_Primary_CNVs_hg19.BEDvsCHR1_10_ALL_LOSS.txt	2499669	47081806	797322	48784153	2499669
CHR1_CLINGEN+DECIPHER_hg19.BEDvsCHR1_10_ALL_LOSS.txt	2499669	14988693	1094680	16393682	2499669
CHR1_DECIPHER_hg19.BEDvsCHR1_10_ALL_LOSS.txt	2499669	14541819	953821	16087667	2499669
CHR1_MorbidMap_hg19.BEDvsCHR1_10_ALL_LOSS.txt	2499669	18829385	13546	21315508	2499669
CHR1_OMIM_AllGenes_hg19.BEDvsCHR1_10_ALL_LOSS.txt	2499669	95036163	13546	97522286	2499669
CHR1_CooperPaper_hg19.BEDvsCHR1_10_B_GAIN.txt	2605055	18812009	573313	20843751	2605055
CHR1_ReportedCNVs_hg19.BEDvsCHR1_10_B_GAIN.txt	2605055	27202140	159595	29647600	2605055
CHR1_CLINGEN_Pathogenic_hg19.BEDvsCHR1_10_B_GAIN.txt	2605055	7066601	158809	9512847	2605055
CHR1_OMIM_Dominant_hg19.BEDvsCHR1_10_B_GAIN.txt	2605055	16396383	0	19001438	2605055
CHR1_MMS_hg19.BEDvsCHR1_10_B_GAIN.txt	2605055	23921412	139126	26387341	2605055
CHR1_Primary_CNVs_10MB_hg19.BEDvsCHR1_10_B_GAIN.txt	2605055	47081806	158809	49528052	2605055
CHR1_OMIM_Recessive_hg19.BEDvsCHR1_10_B_GAIN.txt	2605055	10433026	36545	13001536	2605055
CHR1_HIgenes_hg19.BEDvsCHR1_10_B_GAIN.txt	2605055	20842788	0	23447843	2605055
CHR1_OMIM_OMI_hg19.BEDvsCHR1_10_B_GAIN.txt	2605055	118550	9743	2713862	118550
CHR1_Primary_CNVs_hg19.BEDvsCHR1_10_B_GAIN.txt	2605055	47081806	158809	49528052	2605055
CHR1_CLINGEN+DECIPHER_hg19.BEDvsCHR1_10_B_GAIN.txt	2605055	14988693	159595	17434153	2605055
CHR1_DECIPHER_hg19.BEDvsCHR1_10_B_GAIN.txt	2605055	14541819	159595	16987279	2605055
CHR1_MorbidMap_hg19.BEDvsCHR1_10_B_GAIN.txt	2605055	18829385	36545	21397895	2605055
CHR1_OMIM_AllGenes_hg19.BEDvsCHR1_10_B_GAIN.txt	2605055	95036163	971616	96669602	2605055
CHR1_CooperPaper_hg19.BEDvsCHR1_10_B_LOSS.txt	1239613	18812009	0	20051622	1239613
CHR1_ReportedCNVs_hg19.BEDvsCHR1_10_B_LOSS.txt	1239613	27202140	0	28441753	1239613
CHR1_CLINGEN_Pathogenic_hg19.BEDvsCHR1_10_B_LOSS.txt	1239613	7066601	0	8306214	1239613
CHR1_OMIM_Dominant_hg19.BEDvsCHR1_10_B_LOSS.txt	1239613	16396383	0	17635996	1239613
CHR1_MMS_hg19.BEDvsCHR1_10_B_LOSS.txt	1239613	23921412	0	25161025	1239613
CHR1_Primary_CNVs_10MB_hg19.BEDvsCHR1_10_B_LOSS.txt	1239613	47081806	0	48321419	1239613
CHR1_OMIM_Recessive_hg19.BEDvsCHR1_10_B_LOSS.txt	1239613	10433026	0	11672639	1239613
CHR1_HIgenes_hg19.BEDvsCHR1_10_B_LOSS.txt	1239613	20842788	0	22082401	1239613
CHR1_OMIM_OMI_hg19.BEDvsCHR1_10_B_LOSS.txt	1239613	118550	0	1358163	118550
CHR1_Primary_CNVs_hg19.BEDvsCHR1_10_B_LOSS.txt	1239613	47081806	0	48321419	1239613
CHR1_CLINGEN+DECIPHER_hg19.BEDvsCHR1_10_B_LOSS.txt	1239613	14988693	0	16228306	1239613
CHR1_DECIPHER_hg19.BEDvsCHR1_10_B_LOSS.txt	1239613	14541819	0	15781432	1239613
CHR1_MorbidMap_hg19.BEDvsCHR1_10_B_LOSS.txt	1239613	18829385	0	20068998	1239613
CHR1_OMIM_AllGenes_hg19.BEDvsCHR1_10_B_LOSS.txt	1239613	95036163	0	96275776	1239613
CHR1_CooperPaper_hg19.BEDvsCHR1_10_B_USLB_GAIN.txt	25121845	18812009	662761	43271093	18812009
CHR1_ReportedCNVs_hg19.BEDvsCHR1_10_B_USLB_GAIN.txt	25121845	27202140	159595	52164390	25121845
CHR1_CLINGEN_Pathogenic_hg19.BEDvsCHR1_10_B_USLB_GAIN.txt	25121845	7066601	158809	32029637	7066601
CHR1_OMIM_Dominant_hg19.BEDvsCHR1_10_B_USLB_GAIN.txt	25121845	16396383	0	41518228	16396383
CHR1_MMS_hg19.BEDvsCHR1_10_B_USLB_GAIN.txt	25121845	23921412	139126	48904131	23921412
CHR1_Primary_CNVs_10MB_hg19.BEDvsCHR1_10_B_USLB_GAIN.txt	25121845	47081806	158809	72044842	25121845
CHR1_OMIM_Recessive_hg19.BEDvsCHR1_10_B_USLB_GAIN.txt	25121845	10433026	39078	35515793	10433026
CHR1_HIgenes_hg19.BEDvsCHR1_10_B_USLB_GAIN.txt	25121845	20842788	0	45964633	20842788
CHR1_OMIM_OMI_hg19.BEDvsCHR1_10_B_USLB_GAIN.txt	25121845	118550	12276	25228119	118550
CHR1_Primary_CNVs_hg19.BEDvsCHR1_10_B_USLB_GAIN.txt	25121845	47081806	158809	72044842	25121845
CHR1_CLINGEN+DECIPHER_hg19.BEDvsCHR1_10_B_USLB_GAIN.txt	25121845	14988693	159595	39950943	14988693
CHR1_DECIPHER_hg19.BEDvsCHR1_10_B_USLB_GAIN.txt	25121845	14541819	159595	39504069	14541819
CHR1_MorbidMap_hg19.BEDvsCHR1_10_B_USLB_GAIN.txt	25121845	18829385	39078	43912152	18829385
CHR1_OMIM_AllGenes_hg19.BEDvsCHR1_10_B_USLB_GAIN.txt	25121845	95036163	980082	119177926	25121845
CHR1_CooperPaper_hg19.BEDvsCHR1_10_B_USLB_LOSS.txt	1239613	18812009	0	20051622	1239613
CHR1_ReportedCNVs_hg19.BEDvsCHR1_10_B_USLB_LOSS.txt	1239613	27202140	0	28441753	1239613
CHR1_CLINGEN_Pathogenic_hg19.BEDvsCHR1_10_B_USLB_LOSS.txt	1239613	7066601	0	8306214	1239613
CHR1_OMIM_Dominant_hg19.BEDvsCHR1_10_B_USLB_LOSS.txt	1239613	16396383	0	17635996	1239613
CHR1_MMS_hg19.BEDvsCHR1_10_B_USLB_LOSS.txt	1239613	23921412	0	25161025	1239613
CHR1_Primary_CNVs_10MB_hg19.BEDvsCHR1_10_B_USLB_LOSS.txt	1239613	47081806	0	48321419	1239613
CHR1_OMIM_Recessive_hg19.BEDvsCHR1_10_B_USLB_LOSS.txt	1239613	10433026	0	11672639	1239613
CHR1_HIgenes_hg19.BEDvsCHR1_10_B_USLB_LOSS.txt	1239613	20842788	0	22082401	1239613
CHR1_OMIM_OMI_hg19.BEDvsCHR1_10_B_USLB_LOSS.txt	1239613	118550	0	1358163	118550
CHR1_Primary_CNVs_hg19.BEDvsCHR1_10_B_USLB_LOSS.txt	1239613	47081806	0	48321419	1239613
CHR1_CLINGEN+DECIPHER_hg19.BEDvsCHR1_10_B_USLB_LOSS.txt	1239613	14988693	0	16228306	1239613
CHR1_DECIPHER_hg19.BEDvsCHR1_10_B_USLB_LOSS.txt	1239613	14541819	0	15781432	1239613
CHR1_MorbidMap_hg19.BEDvsCHR1_10_B_USLB_LOSS.txt	1239613	18829385	0	20068998	1239613
CHR1_OMIM_AllGenes_hg19.BEDvsCHR1_10_B_USLB_LOSS.txt	1239613	95036163	0	96275776	1239613
CHR1_CooperPaper_hg19.BEDvsCHR1_1_ALL_GAIN.txt	146706084	18812009	17715722	147802371	18812009
CHR1_ReportedCNVs_hg19.BEDvsCHR1_1_ALL_GAIN.txt	146706084	27202140	22414798	151493426	27202140
CHR1_CLINGEN_Pathogenic_hg19.BEDvsCHR1_1_ALL_GAIN.txt	146706084	7066601	6980167	146792518	7066601
CHR1_OMIM_Dominant_hg19.BEDvsCHR1_1_ALL_GAIN.txt	146706084	16396383	8764613	154337854	16396383
CHR1_MMS_hg19.BEDvsCHR1_1_ALL_GAIN.txt	146706084	23921412	19199951	151427545	23921412
CHR1_Primary_CNVs_10MB_hg19.BEDvsCHR1_1_ALL_GAIN.txt	146706084	47081806	27570923	166216967	47081806
CHR1_OMIM_Recessive_hg19.BEDvsCHR1_1_ALL_GAIN.txt	146706084	10433026	6124053	151015057	10433026
CHR1_HIgenes_hg19.BEDvsCHR1_1_ALL_GAIN.txt	146706084	20842788	10391332	157157540	20842788
CHR1_OMIM_OMI_hg19.BEDvsCHR1_1_ALL_GAIN.txt	146706084	118550	91214	146733420	118550
CHR1_Primary_CNVs_hg19.BEDvsCHR1_1_ALL_GAIN.txt	146706084	47081806	27570923	166216967	47081806
CHR1_CLINGEN+DECIPHER_hg19.BEDvsCHR1_1_ALL_GAIN.txt	146706084	14988693	13848598	147846179	14988693
CHR1_DECIPHER_hg19.BEDvsCHR1_1_ALL_GAIN.txt	146706084	14541819	13488158	147759745	14541819
CHR1_MorbidMap_hg19.BEDvsCHR1_1_ALL_GAIN.txt	146706084	18829385	11574988	153960481	18829385
CHR1_OMIM_AllGenes_hg19.BEDvsCHR1_1_ALL_GAIN.txt	146706084	95036163	60266551	181475696	95036163
CHR1_CooperPaper_hg19.BEDvsCHR1_1_ALL_LOSS.txt	84843280	18812009	11908110	91747179	18812009
CHR1_ReportedCNVs_hg19.BEDvsCHR1_1_ALL_LOSS.txt	84843280	27202140	12241551	99803869	27202140
CHR1_CLINGEN_Pathogenic_hg19.BEDvsCHR1_1_ALL_LOSS.txt	84843280	7066601	3705278	88204603	7066601
CHR1_OMIM_Dominant_hg19.BEDvsCHR1_1_ALL_LOSS.txt	84843280	16396383	6483097	94756566	16396383
CHR1_MMS_hg19.BEDvsCHR1_1_ALL_LOSS.txt	84843280	23921412	11453343	97311349	23921412
CHR1_Primary_CNVs_10MB_hg19.BEDvsCHR1_1_ALL_LOSS.txt	84843280	47081806	21350153	110574933	47081806
CHR1_OMIM_Recessive_hg19.BEDvsCHR1_1_ALL_LOSS.txt	84843280	10433026	3150281	92126025	10433026
CHR1_HIgenes_hg19.BEDvsCHR1_1_ALL_LOSS.txt	84843280	20842788	6847610	98838458	20842788
CHR1_OMIM_OMI_hg19.BEDvsCHR1_1_ALL_LOSS.txt	84843280	118550	51723	84910107	118550
CHR1_Primary_CNVs_hg19.BEDvsCHR1_1_ALL_LOSS.txt	84843280	47081806	21350153	110574933	47081806
CHR1_CLINGEN+DECIPHER_hg19.BEDvsCHR1_1_ALL_LOSS.txt	84843280	14988693	7542071	92289902	14988693
CHR1_DECIPHER_hg19.BEDvsCHR1_1_ALL_LOSS.txt	84843280	14541819	7332904	92052195	14541819
CHR1_MorbidMap_hg19.BEDvsCHR1_1_ALL_LOSS.txt	84843280	18829385	6955513	96717152	18829385
CHR1_OMIM_AllGenes_hg19.BEDvsCHR1_1_ALL_LOSS.txt	84843280	95036163	35048728	144830715	84843280
CHR1_CooperPaper_hg19.BEDvsCHR1_1_B_GAIN.txt	46150847	18812009	8794465	56168391	18812009
CHR1_ReportedCNVs_hg19.BEDvsCHR1_1_B_GAIN.txt	46150847	27202140	6420793	66932194	27202140
CHR1_CLINGEN_Pathogenic_hg19.BEDvsCHR1_1_B_GAIN.txt	46150847	7066601	4652512	48564936	7066601
CHR1_OMIM_Dominant_hg19.BEDvsCHR1_1_B_GAIN.txt	46150847	16396383	1254089	61293141	16396383
CHR1_MMS_hg19.BEDvsCHR1_1_B_GAIN.txt	46150847	23921412	5536928	64535331	23921412
CHR1_Primary_CNVs_10MB_hg19.BEDvsCHR1_1_B_GAIN.txt	46150847	47081806	7067319	86165334	46150847
CHR1_OMIM_Recessive_hg19.BEDvsCHR1_1_B_GAIN.txt	46150847	10433026	441049	56142824	10433026
CHR1_HIgenes_hg19.BEDvsCHR1_1_B_GAIN.txt	46150847	20842788	944516	66049119	20842788
CHR1_OMIM_OMI_hg19.BEDvsCHR1_1_B_GAIN.txt	46150847	118550	58145	46211252	118550
CHR1_Primary_CNVs_hg19.BEDvsCHR1_1_B_GAIN.txt	46150847	47081806	7067319	86165334	46150847
CHR1_CLINGEN+DECIPHER_hg19.BEDvsCHR1_1_B_GAIN.txt	46150847	14988693	6209707	54929833	14988693
CHR1_DECIPHER_hg19.BEDvsCHR1_1_B_GAIN.txt	46150847	14541819	6011292	54681374	14541819
CHR1_MorbidMap_hg19.BEDvsCHR1_1_B_GAIN.txt	46150847	18829385	1239336	63740896	18829385
CHR1_OMIM_AllGenes_hg19.BEDvsCHR1_1_B_GAIN.txt	46150847	95036163	9651076	131535934	46150847
CHR1_CooperPaper_hg19.BEDvsCHR1_1_B_LOSS.txt	12395089	18812009	1549686	29657412	12395089
CHR1_ReportedCNVs_hg19.BEDvsCHR1_1_B_LOSS.txt	12395089	27202140	2152601	37444628	12395089
CHR1_CLINGEN_Pathogenic_hg19.BEDvsCHR1_1_B_LOSS.txt	12395089	7066601	645925	18815765	7066601
CHR1_OMIM_Dominant_hg19.BEDvsCHR1_1_B_LOSS.txt	12395089	16396383	49651	28741821	12395089
CHR1_MMS_hg19.BEDvsCHR1_1_B_LOSS.txt	12395089	23921412	1937792	34378709	12395089
CHR1_Primary_CNVs_10MB_hg19.BEDvsCHR1_1_B_LOSS.txt	12395089	47081806	1685694	57791201	12395089
CHR1_OMIM_Recessive_hg19.BEDvsCHR1_1_B_LOSS.txt	12395089	10433026	714307	22113808	10433026
CHR1_HIgenes_hg19.BEDvsCHR1_1_B_LOSS.txt	12395089	20842788	230659	33007218	12395089
CHR1_OMIM_OMI_hg19.BEDvsCHR1_1_B_LOSS.txt	12395089	118550	24225	12489414	118550
CHR1_Primary_CNVs_hg19.BEDvsCHR1_1_B_LOSS.txt	12395089	47081806	1685694	57791201	12395089
CHR1_CLINGEN+DECIPHER_hg19.BEDvsCHR1_1_B_LOSS.txt	12395089	14988693	1475234	25908548	12395089
CHR1_DECIPHER_hg19.BEDvsCHR1_1_B_LOSS.txt	12395089	14541819	1300668	25636240	12395089
CHR1_MorbidMap_hg19.BEDvsCHR1_1_B_LOSS.txt	12395089	18829385	734774	30489700	12395089
CHR1_OMIM_AllGenes_hg19.BEDvsCHR1_1_B_LOSS.txt	12395089	95036163	4558164	102873088	12395089
CHR1_CooperPaper_hg19.BEDvsCHR1_1_B_USLB_GAIN.txt	65102386	18812009	12065909	71848486	18812009
CHR1_ReportedCNVs_hg19.BEDvsCHR1_1_B_USLB_GAIN.txt	65102386	27202140	8693492	83611034	27202140
CHR1_CLINGEN_Pathogenic_hg19.BEDvsCHR1_1_B_USLB_GAIN.txt	65102386	7066601	5369718	66799269	7066601
CHR1_OMIM_Dominant_hg19.BEDvsCHR1_1_B_USLB_GAIN.txt	65102386	16396383	2544279	78954490	16396383
CHR1_MMS_hg19.BEDvsCHR1_1_B_USLB_GAIN.txt	65102386	23921412	7723562	81300236	23921412
CHR1_Primary_CNVs_10MB_hg19.BEDvsCHR1_1_B_USLB_GAIN.txt	65102386	47081806	12423731	99760461	47081806
CHR1_OMIM_Recessive_hg19.BEDvsCHR1_1_B_USLB_GAIN.txt	65102386	10433026	1716385	73819027	10433026
CHR1_HIgenes_hg19.BEDvsCHR1_1_B_USLB_GAIN.txt	65102386	20842788	1729062	84216112	20842788
CHR1_OMIM_OMI_hg19.BEDvsCHR1_1_B_USLB_GAIN.txt	65102386	118550	81860	65139076	118550
CHR1_Primary_CNVs_hg19.BEDvsCHR1_1_B_USLB_GAIN.txt	65102386	47081806	12423731	99760461	47081806
CHR1_CLINGEN+DECIPHER_hg19.BEDvsCHR1_1_B_USLB_GAIN.txt	65102386	14988693	7212234	72878845	14988693
CHR1_DECIPHER_hg19.BEDvsCHR1_1_B_USLB_GAIN.txt	65102386	14541819	6954782	72689423	14541819
CHR1_MorbidMap_hg19.BEDvsCHR1_1_B_USLB_GAIN.txt	65102386	18829385	3376477	80555294	18829385
CHR1_OMIM_AllGenes_hg19.BEDvsCHR1_1_B_USLB_GAIN.txt	65102386	95036163	18885733	141252816	65102386
CHR1_CooperPaper_hg19.BEDvsCHR1_1_B_USLB_LOSS.txt	26057826	18812009	4785546	40084289	18812009
CHR1_ReportedCNVs_hg19.BEDvsCHR1_1_B_USLB_LOSS.txt	26057826	27202140	3804615	49455351	26057826
CHR1_CLINGEN_Pathogenic_hg19.BEDvsCHR1_1_B_USLB_LOSS.txt	26057826	7066601	1331930	31792497	7066601
CHR1_OMIM_Dominant_hg19.BEDvsCHR1_1_B_USLB_LOSS.txt	26057826	16396383	304766	42149443	16396383
CHR1_MMS_hg19.BEDvsCHR1_1_B_USLB_LOSS.txt	26057826	23921412	3537669	46441569	23921412
CHR1_Primary_CNVs_10MB_hg19.BEDvsCHR1_1_B_USLB_LOSS.txt	26057826	47081806	4673125	68466507	26057826
CHR1_OMIM_Recessive_hg19.BEDvsCHR1_1_B_USLB_LOSS.txt	26057826	10433026	790210	35700642	10433026
CHR1_HIgenes_hg19.BEDvsCHR1_1_B_USLB_LOSS.txt	26057826	20842788	923370	45977244	20842788
CHR1_OMIM_OMI_hg19.BEDvsCHR1_1_B_USLB_LOSS.txt	26057826	118550	24225	26152151	118550
CHR1_Primary_CNVs_hg19.BEDvsCHR1_1_B_USLB_LOSS.txt	26057826	47081806	4673125	68466507	26057826
CHR1_CLINGEN+DECIPHER_hg19.BEDvsCHR1_1_B_USLB_LOSS.txt	26057826	14988693	2776638	38269881	14988693
CHR1_DECIPHER_hg19.BEDvsCHR1_1_B_USLB_LOSS.txt	26057826	14541819	2602072	37997573	14541819
CHR1_MorbidMap_hg19.BEDvsCHR1_1_B_USLB_LOSS.txt	26057826	18829385	1086480	43800731	18829385
CHR1_OMIM_AllGenes_hg19.BEDvsCHR1_1_B_USLB_LOSS.txt	26057826	95036163	8006152	113087837	26057826
CHR1_CooperPaper_hg19.BEDvsCHR1_2_ALL_GAIN.txt	87175633	18812009	14669751	91317891	18812009
CHR1_ReportedCNVs_hg19.BEDvsCHR1_2_ALL_GAIN.txt	87175633	27202140	13471298	100906475	27202140
CHR1_CLINGEN_Pathogenic_hg19.BEDvsCHR1_2_ALL_GAIN.txt	87175633	7066601	5830319	88411915	7066601
CHR1_OMIM_Dominant_hg19.BEDvsCHR1_2_ALL_GAIN.txt	87175633	16396383	5355992	98216024	16396383
CHR1_MMS_hg19.BEDvsCHR1_2_ALL_GAIN.txt	87175633	23921412	11284269	99812776	23921412
CHR1_Primary_CNVs_10MB_hg19.BEDvsCHR1_2_ALL_GAIN.txt	87175633	47081806	15916450	118340989	47081806
CHR1_OMIM_Recessive_hg19.BEDvsCHR1_2_ALL_GAIN.txt	87175633	10433026	4017142	93591517	10433026
CHR1_HIgenes_hg19.BEDvsCHR1_2_ALL_GAIN.txt	87175633	20842788	5136227	102882194	20842788
CHR1_OMIM_OMI_hg19.BEDvsCHR1_2_ALL_GAIN.txt	87175633	118550	86715	87207468	118550
CHR1_Primary_CNVs_hg19.BEDvsCHR1_2_ALL_GAIN.txt	87175633	47081806	15916450	118340989	47081806
CHR1_CLINGEN+DECIPHER_hg19.BEDvsCHR1_2_ALL_GAIN.txt	87175633	14988693	9792898	92371428	14988693
CHR1_DECIPHER_hg19.BEDvsCHR1_2_ALL_GAIN.txt	87175633	14541819	9501193	92216259	14541819
CHR1_MorbidMap_hg19.BEDvsCHR1_2_ALL_GAIN.txt	87175633	18829385	7233629	98771389	18829385
CHR1_OMIM_AllGenes_hg19.BEDvsCHR1_2_ALL_GAIN.txt	87175633	95036163	30617827	151593969	87175633
CHR1_CooperPaper_hg19.BEDvsCHR1_2_ALL_LOSS.txt	35313265	18812009	5654070	48471204	18812009
CHR1_ReportedCNVs_hg19.BEDvsCHR1_2_ALL_LOSS.txt	35313265	27202140	4795858	57719547	27202140
CHR1_CLINGEN_Pathogenic_hg19.BEDvsCHR1_2_ALL_LOSS.txt	35313265	7066601	1670200	40709666	7066601
CHR1_OMIM_Dominant_hg19.BEDvsCHR1_2_ALL_LOSS.txt	35313265	16396383	1468713	50240935	16396383
CHR1_MMS_hg19.BEDvsCHR1_2_ALL_LOSS.txt	35313265	23921412	4442098	54792579	23921412
CHR1_Primary_CNVs_10MB_hg19.BEDvsCHR1_2_ALL_LOSS.txt	35313265	47081806	7651650	74743421	35313265
CHR1_OMIM_Recessive_hg19.BEDvsCHR1_2_ALL_LOSS.txt	35313265	10433026	1881093	43865198	10433026
CHR1_HIgenes_hg19.BEDvsCHR1_2_ALL_LOSS.txt	35313265	20842788	1353528	54802525	20842788
CHR1_OMIM_OMI_hg19.BEDvsCHR1_2_ALL_LOSS.txt	35313265	118550	40246	35391569	118550
CHR1_Primary_CNVs_hg19.BEDvsCHR1_2_ALL_LOSS.txt	35313265	47081806	7651650	74743421	35313265
CHR1_CLINGEN+DECIPHER_hg19.BEDvsCHR1_2_ALL_LOSS.txt	35313265	14988693	2607124	47694834	14988693
CHR1_DECIPHER_hg19.BEDvsCHR1_2_ALL_LOSS.txt	35313265	14541819	2404039	47451045	14541819
CHR1_MorbidMap_hg19.BEDvsCHR1_2_ALL_LOSS.txt	35313265	18829385	2998672	51143978	18829385
CHR1_OMIM_AllGenes_hg19.BEDvsCHR1_2_ALL_LOSS.txt	35313265	95036163	9953330	120396098	35313265
CHR1_CooperPaper_hg19.BEDvsCHR1_2_B_GAIN.txt	9970787	18812009	2293268	26489528	9970787
CHR1_ReportedCNVs_hg19.BEDvsCHR1_2_B_GAIN.txt	9970787	27202140	1408385	35764542	9970787
CHR1_CLINGEN_Pathogenic_hg19.BEDvsCHR1_2_B_GAIN.txt	9970787	7066601	987075	16050313	7066601
CHR1_OMIM_Dominant_hg19.BEDvsCHR1_2_B_GAIN.txt	9970787	16396383	94189	26272981	9970787
CHR1_MMS_hg19.BEDvsCHR1_2_B_GAIN.txt	9970787	23921412	918120	32974079	9970787
CHR1_Primary_CNVs_10MB_hg19.BEDvsCHR1_2_B_GAIN.txt	9970787	47081806	1265507	55787086	9970787
CHR1_OMIM_Recessive_hg19.BEDvsCHR1_2_B_GAIN.txt	9970787	10433026	71010	20332803	9970787
CHR1_HIgenes_hg19.BEDvsCHR1_2_B_GAIN.txt	9970787	20842788	454487	30359088	9970787
CHR1_OMIM_OMI_hg19.BEDvsCHR1_2_B_GAIN.txt	9970787	118550	38093	10051244	118550
CHR1_Primary_CNVs_hg19.BEDvsCHR1_2_B_GAIN.txt	9970787	47081806	1265507	55787086	9970787
CHR1_CLINGEN+DECIPHER_hg19.BEDvsCHR1_2_B_GAIN.txt	9970787	14988693	1408385	23551095	9970787
CHR1_DECIPHER_hg19.BEDvsCHR1_2_B_GAIN.txt	9970787	14541819	1228329	23284277	9970787
CHR1_MorbidMap_hg19.BEDvsCHR1_2_B_GAIN.txt	9970787	18829385	183693	28616479	9970787
CHR1_OMIM_AllGenes_hg19.BEDvsCHR1_2_B_GAIN.txt	9970787	95036163	2498206	102508744	9970787
CHR1_CooperPaper_hg19.BEDvsCHR1_2_B_LOSS.txt	4080662	18812009	417969	22474702	4080662
CHR1_ReportedCNVs_hg19.BEDvsCHR1_2_B_LOSS.txt	4080662	27202140	495357	30787445	4080662
CHR1_CLINGEN_Pathogenic_hg19.BEDvsCHR1_2_B_LOSS.txt	4080662	7066601	76098	11071165	4080662
CHR1_OMIM_Dominant_hg19.BEDvsCHR1_2_B_LOSS.txt	4080662	16396383	20467	20456578	4080662
CHR1_MMS_hg19.BEDvsCHR1_2_B_LOSS.txt	4080662	23921412	494571	27507503	4080662
CHR1_Primary_CNVs_10MB_hg19.BEDvsCHR1_2_B_LOSS.txt	4080662	47081806	76098	51086370	4080662
CHR1_OMIM_Recessive_hg19.BEDvsCHR1_2_B_LOSS.txt	4080662	10433026	15340	14498348	4080662
CHR1_HIgenes_hg19.BEDvsCHR1_2_B_LOSS.txt	4080662	20842788	20467	24902983	4080662
CHR1_OMIM_OMI_hg19.BEDvsCHR1_2_B_LOSS.txt	4080662	118550	15340	4183872	118550
CHR1_Primary_CNVs_hg19.BEDvsCHR1_2_B_LOSS.txt	4080662	47081806	76098	51086370	4080662
CHR1_CLINGEN+DECIPHER_hg19.BEDvsCHR1_2_B_LOSS.txt	4080662	14988693	495357	18573998	4080662
CHR1_DECIPHER_hg19.BEDvsCHR1_2_B_LOSS.txt	4080662	14541819	495357	18127124	4080662
CHR1_MorbidMap_hg19.BEDvsCHR1_2_B_LOSS.txt	4080662	18829385	35807	22874240	4080662
CHR1_OMIM_AllGenes_hg19.BEDvsCHR1_2_B_LOSS.txt	4080662	95036163	1432984	97683841	4080662
CHR1_CooperPaper_hg19.BEDvsCHR1_2_B_USLB_GAIN.txt	40556187	18812009	5986223	53381973	18812009
CHR1_ReportedCNVs_hg19.BEDvsCHR1_2_B_USLB_GAIN.txt	40556187	27202140	3610053	64148274	27202140
CHR1_CLINGEN_Pathogenic_hg19.BEDvsCHR1_2_B_USLB_GAIN.txt	40556187	7066601	2167856	45454932	7066601
CHR1_OMIM_Dominant_hg19.BEDvsCHR1_2_B_USLB_GAIN.txt	40556187	16396383	1056565	55896005	16396383
CHR1_MMS_hg19.BEDvsCHR1_2_B_USLB_GAIN.txt	40556187	23921412	2723294	61754305	23921412
CHR1_Primary_CNVs_10MB_hg19.BEDvsCHR1_2_B_USLB_GAIN.txt	40556187	47081806	5165048	82472945	40556187
CHR1_OMIM_Recessive_hg19.BEDvsCHR1_2_B_USLB_GAIN.txt	40556187	10433026	239129	50750084	10433026
CHR1_HIgenes_hg19.BEDvsCHR1_2_B_USLB_GAIN.txt	40556187	20842788	828584	60570391	20842788
CHR1_OMIM_OMI_hg19.BEDvsCHR1_2_B_USLB_GAIN.txt	40556187	118550	62664	40612073	118550
CHR1_Primary_CNVs_hg19.BEDvsCHR1_2_B_USLB_GAIN.txt	40556187	47081806	5165048	82472945	40556187
CHR1_CLINGEN+DECIPHER_hg19.BEDvsCHR1_2_B_USLB_GAIN.txt	40556187	14988693	3184235	52360645	14988693
CHR1_DECIPHER_hg19.BEDvsCHR1_2_B_USLB_GAIN.txt	40556187	14541819	2982926	52115080	14541819
CHR1_MorbidMap_hg19.BEDvsCHR1_2_B_USLB_GAIN.txt	40556187	18829385	886463	58499109	18829385
CHR1_OMIM_AllGenes_hg19.BEDvsCHR1_2_B_USLB_GAIN.txt	40556187	95036163	5965298	129627052	40556187
CHR1_CooperPaper_hg19.BEDvsCHR1_2_B_USLB_LOSS.txt	7974447	18812009	1478914	25307542	7974447
CHR1_ReportedCNVs_hg19.BEDvsCHR1_2_B_USLB_LOSS.txt	7974447	27202140	1010262	34166325	7974447
CHR1_CLINGEN_Pathogenic_hg19.BEDvsCHR1_2_B_USLB_LOSS.txt	7974447	7066601	576257	14464791	7066601
CHR1_OMIM_Dominant_hg19.BEDvsCHR1_2_B_USLB_LOSS.txt	7974447	16396383	20467	24350363	7974447
CHR1_MMS_hg19.BEDvsCHR1_2_B_USLB_LOSS.txt	7974447	23921412	784056	31111803	7974447
CHR1_Primary_CNVs_10MB_hg19.BEDvsCHR1_2_B_USLB_LOSS.txt	7974447	47081806	809533	54246720	7974447
CHR1_OMIM_Recessive_hg19.BEDvsCHR1_2_B_USLB_LOSS.txt	7974447	10433026	31683	18375790	7974447
CHR1_HIgenes_hg19.BEDvsCHR1_2_B_USLB_LOSS.txt	7974447	20842788	20467	28796768	7974447
CHR1_OMIM_OMI_hg19.BEDvsCHR1_2_B_USLB_LOSS.txt	7974447	118550	15340	8077657	118550
CHR1_Primary_CNVs_hg19.BEDvsCHR1_2_B_USLB_LOSS.txt	7974447	47081806	809533	54246720	7974447
CHR1_CLINGEN+DECIPHER_hg19.BEDvsCHR1_2_B_USLB_LOSS.txt	7974447	14988693	1010262	21952878	7974447
CHR1_DECIPHER_hg19.BEDvsCHR1_2_B_USLB_LOSS.txt	7974447	14541819	869403	21646863	7974447
CHR1_MorbidMap_hg19.BEDvsCHR1_2_B_USLB_LOSS.txt	7974447	18829385	64071	26739761	7974447
CHR1_OMIM_AllGenes_hg19.BEDvsCHR1_2_B_USLB_LOSS.txt	7974447	95036163	1868787	101141823	7974447
CHR1_CooperPaper_hg19.BEDvsCHR1_3_ALL_GAIN.txt	64514273	18812009	12323045	71003237	18812009
CHR1_ReportedCNVs_hg19.BEDvsCHR1_3_ALL_GAIN.txt	64514273	27202140	9946360	81770053	27202140
CHR1_CLINGEN_Pathogenic_hg19.BEDvsCHR1_3_ALL_GAIN.txt	64514273	7066601	5226866	66354008	7066601
CHR1_OMIM_Dominant_hg19.BEDvsCHR1_3_ALL_GAIN.txt	64514273	16396383	2923709	77986947	16396383
CHR1_MMS_hg19.BEDvsCHR1_3_ALL_GAIN.txt	64514273	23921412	8585099	79850586	23921412
CHR1_Primary_CNVs_10MB_hg19.BEDvsCHR1_3_ALL_GAIN.txt	64514273	47081806	11997651	99598428	47081806
CHR1_OMIM_Recessive_hg19.BEDvsCHR1_3_ALL_GAIN.txt	64514273	10433026	2014839	72932460	10433026
CHR1_HIgenes_hg19.BEDvsCHR1_3_ALL_GAIN.txt	64514273	20842788	2334022	83023039	20842788
CHR1_OMIM_OMI_hg19.BEDvsCHR1_3_ALL_GAIN.txt	64514273	118550	62999	64569824	118550
CHR1_Primary_CNVs_hg19.BEDvsCHR1_3_ALL_GAIN.txt	64514273	47081806	11997651	99598428	47081806
CHR1_CLINGEN+DECIPHER_hg19.BEDvsCHR1_3_ALL_GAIN.txt	64514273	14988693	7647202	71855764	14988693
CHR1_DECIPHER_hg19.BEDvsCHR1_3_ALL_GAIN.txt	64514273	14541819	7433055	71623037	14541819
CHR1_MorbidMap_hg19.BEDvsCHR1_3_ALL_GAIN.txt	64514273	18829385	4041271	79302387	18829385
CHR1_OMIM_AllGenes_hg19.BEDvsCHR1_3_ALL_GAIN.txt	64514273	95036163	17053792	142496644	64514273
CHR1_CooperPaper_hg19.BEDvsCHR1_3_ALL_LOSS.txt	18791243	18812009	4450217	33153035	18791243
CHR1_ReportedCNVs_hg19.BEDvsCHR1_3_ALL_LOSS.txt	18791243	27202140	3602687	42390696	18791243
CHR1_CLINGEN_Pathogenic_hg19.BEDvsCHR1_3_ALL_LOSS.txt	18791243	7066601	1472407	24385437	7066601
CHR1_OMIM_Dominant_hg19.BEDvsCHR1_3_ALL_LOSS.txt	18791243	16396383	601139	34586487	16396383
CHR1_MMS_hg19.BEDvsCHR1_3_ALL_LOSS.txt	18791243	23921412	3308041	39404614	18791243
CHR1_Primary_CNVs_10MB_hg19.BEDvsCHR1_3_ALL_LOSS.txt	18791243	47081806	4119628	61753421	18791243
CHR1_OMIM_Recessive_hg19.BEDvsCHR1_3_ALL_LOSS.txt	18791243	10433026	1638735	27585534	10433026
CHR1_HIgenes_hg19.BEDvsCHR1_3_ALL_LOSS.txt	18791243	20842788	397226	39236805	18791243
CHR1_OMIM_OMI_hg19.BEDvsCHR1_3_ALL_LOSS.txt	18791243	118550	35541	18874252	118550
CHR1_Primary_CNVs_hg19.BEDvsCHR1_3_ALL_LOSS.txt	18791243	47081806	4119628	61753421	18791243
CHR1_CLINGEN+DECIPHER_hg19.BEDvsCHR1_3_ALL_LOSS.txt	18791243	14988693	2248573	31531363	14988693
CHR1_DECIPHER_hg19.BEDvsCHR1_3_ALL_LOSS.txt	18791243	14541819	2045488	31287574	14541819
CHR1_MorbidMap_hg19.BEDvsCHR1_3_ALL_LOSS.txt	18791243	18829385	2138188	35482440	18791243
CHR1_OMIM_AllGenes_hg19.BEDvsCHR1_3_ALL_LOSS.txt	18791243	95036163	4635309	109192097	18791243
CHR1_CooperPaper_hg19.BEDvsCHR1_3_B_GAIN.txt	7230543	18812009	1827599	24214953	7230543
CHR1_ReportedCNVs_hg19.BEDvsCHR1_3_B_GAIN.txt	7230543	27202140	883661	33549022	7230543
CHR1_CLINGEN_Pathogenic_hg19.BEDvsCHR1_3_B_GAIN.txt	7230543	7066601	680867	13616277	7066601
CHR1_OMIM_Dominant_hg19.BEDvsCHR1_3_B_GAIN.txt	7230543	16396383	94189	23532737	7230543
CHR1_MMS_hg19.BEDvsCHR1_3_B_GAIN.txt	7230543	23921412	531000	30620955	7230543
CHR1_Primary_CNVs_10MB_hg19.BEDvsCHR1_3_B_GAIN.txt	7230543	47081806	959299	53353050	7230543
CHR1_OMIM_Recessive_hg19.BEDvsCHR1_3_B_GAIN.txt	7230543	10433026	71010	17592559	7230543
CHR1_HIgenes_hg19.BEDvsCHR1_3_B_GAIN.txt	7230543	20842788	347526	27725805	7230543
CHR1_OMIM_OMI_hg19.BEDvsCHR1_3_B_GAIN.txt	7230543	118550	38093	7311000	118550
CHR1_Primary_CNVs_hg19.BEDvsCHR1_3_B_GAIN.txt	7230543	47081806	959299	53353050	7230543
CHR1_CLINGEN+DECIPHER_hg19.BEDvsCHR1_3_B_GAIN.txt	7230543	14988693	883661	21335575	7230543
CHR1_DECIPHER_hg19.BEDvsCHR1_3_B_GAIN.txt	7230543	14541819	703605	21068757	7230543
CHR1_MorbidMap_hg19.BEDvsCHR1_3_B_GAIN.txt	7230543	18829385	181729	25878199	7230543
CHR1_OMIM_AllGenes_hg19.BEDvsCHR1_3_B_GAIN.txt	7230543	95036163	2004636	100262070	7230543
CHR1_CooperPaper_hg19.BEDvsCHR1_3_B_LOSS.txt	3102635	18812009	99934	21814710	3102635
CHR1_ReportedCNVs_hg19.BEDvsCHR1_3_B_LOSS.txt	3102635	27202140	253930	30050845	3102635
CHR1_CLINGEN_Pathogenic_hg19.BEDvsCHR1_3_B_LOSS.txt	3102635	7066601	25489	10143747	3102635
CHR1_OMIM_Dominant_hg19.BEDvsCHR1_3_B_LOSS.txt	3102635	16396383	20467	19478551	3102635
CHR1_MMS_hg19.BEDvsCHR1_3_B_LOSS.txt	3102635	23921412	253930	26770117	3102635
CHR1_Primary_CNVs_10MB_hg19.BEDvsCHR1_3_B_LOSS.txt	3102635	47081806	25489	50158952	3102635
CHR1_OMIM_Recessive_hg19.BEDvsCHR1_3_B_LOSS.txt	3102635	10433026	10635	13525026	3102635
CHR1_HIgenes_hg19.BEDvsCHR1_3_B_LOSS.txt	3102635	20842788	20467	23924956	3102635
CHR1_OMIM_OMI_hg19.BEDvsCHR1_3_B_LOSS.txt	3102635	118550	10635	3210550	118550
CHR1_Primary_CNVs_hg19.BEDvsCHR1_3_B_LOSS.txt	3102635	47081806	25489	50158952	3102635
CHR1_CLINGEN+DECIPHER_hg19.BEDvsCHR1_3_B_LOSS.txt	3102635	14988693	253930	17837398	3102635
CHR1_DECIPHER_hg19.BEDvsCHR1_3_B_LOSS.txt	3102635	14541819	253930	17390524	3102635
CHR1_MorbidMap_hg19.BEDvsCHR1_3_B_LOSS.txt	3102635	18829385	31102	21900918	3102635
CHR1_OMIM_AllGenes_hg19.BEDvsCHR1_3_B_LOSS.txt	3102635	95036163	1062976	97075822	3102635
CHR1_CooperPaper_hg19.BEDvsCHR1_3_B_USLB_GAIN.txt	33947071	18812009	4267317	48491763	18812009
CHR1_ReportedCNVs_hg19.BEDvsCHR1_3_B_USLB_GAIN.txt	33947071	27202140	2254127	58895084	27202140
CHR1_CLINGEN_Pathogenic_hg19.BEDvsCHR1_3_B_USLB_GAIN.txt	33947071	7066601	1362627	39651045	7066601
CHR1_OMIM_Dominant_hg19.BEDvsCHR1_3_B_USLB_GAIN.txt	33947071	16396383	705084	49638370	16396383
CHR1_MMS_hg19.BEDvsCHR1_3_B_USLB_GAIN.txt	33947071	23921412	1501522	56366961	23921412
CHR1_Primary_CNVs_10MB_hg19.BEDvsCHR1_3_B_USLB_GAIN.txt	33947071	47081806	3696025	77332852	33947071
CHR1_OMIM_Recessive_hg19.BEDvsCHR1_3_B_USLB_GAIN.txt	33947071	10433026	84932	44295165	10433026
CHR1_HIgenes_hg19.BEDvsCHR1_3_B_USLB_GAIN.txt	33947071	20842788	563784	54226075	20842788
CHR1_OMIM_OMI_hg19.BEDvsCHR1_3_B_USLB_GAIN.txt	33947071	118550	48399	34017222	118550
CHR1_Primary_CNVs_hg19.BEDvsCHR1_3_B_USLB_GAIN.txt	33947071	47081806	3696025	77332852	33947071
CHR1_CLINGEN+DECIPHER_hg19.BEDvsCHR1_3_B_USLB_GAIN.txt	33947071	14988693	2008894	46926870	14988693
CHR1_DECIPHER_hg19.BEDvsCHR1_3_B_USLB_GAIN.txt	33947071	14541819	1828838	46660052	14541819
CHR1_MorbidMap_hg19.BEDvsCHR1_3_B_USLB_GAIN.txt	33947071	18829385	448382	52328074	18829385
CHR1_OMIM_AllGenes_hg19.BEDvsCHR1_3_B_USLB_GAIN.txt	33947071	95036163	3519859	125463375	33947071
CHR1_CooperPaper_hg19.BEDvsCHR1_3_B_USLB_LOSS.txt	4952525	18812009	904021	22860513	4952525
CHR1_ReportedCNVs_hg19.BEDvsCHR1_3_B_USLB_LOSS.txt	4952525	27202140	532388	31622277	4952525
CHR1_CLINGEN_Pathogenic_hg19.BEDvsCHR1_3_B_USLB_LOSS.txt	4952525	7066601	303947	11715179	4952525
CHR1_OMIM_Dominant_hg19.BEDvsCHR1_3_B_USLB_LOSS.txt	4952525	16396383	20467	21328441	4952525
CHR1_MMS_hg19.BEDvsCHR1_3_B_USLB_LOSS.txt	4952525	23921412	359105	28514832	4952525
CHR1_Primary_CNVs_10MB_hg19.BEDvsCHR1_3_B_USLB_LOSS.txt	4952525	47081806	531947	51502384	4952525
CHR1_OMIM_Recessive_hg19.BEDvsCHR1_3_B_USLB_LOSS.txt	4952525	10433026	12135	15373416	4952525
CHR1_HIgenes_hg19.BEDvsCHR1_3_B_USLB_LOSS.txt	4952525	20842788	20467	25774846	4952525
CHR1_OMIM_OMI_hg19.BEDvsCHR1_3_B_USLB_LOSS.txt	4952525	118550	10635	5060440	118550
CHR1_Primary_CNVs_hg19.BEDvsCHR1_3_B_USLB_LOSS.txt	4952525	47081806	531947	51502384	4952525
CHR1_CLINGEN+DECIPHER_hg19.BEDvsCHR1_3_B_USLB_LOSS.txt	4952525	14988693	532388	19408830	4952525
CHR1_DECIPHER_hg19.BEDvsCHR1_3_B_USLB_LOSS.txt	4952525	14541819	391529	19102815	4952525
CHR1_MorbidMap_hg19.BEDvsCHR1_3_B_USLB_LOSS.txt	4952525	18829385	32602	23749308	4952525
CHR1_OMIM_AllGenes_hg19.BEDvsCHR1_3_B_USLB_LOSS.txt	4952525	95036163	1064476	98924212	4952525
CHR1_CooperPaper_hg19.BEDvsCHR1_4_ALL_GAIN.txt	50134610	18812009	9424457	59522162	18812009
CHR1_ReportedCNVs_hg19.BEDvsCHR1_4_ALL_GAIN.txt	50134610	27202140	7729233	69607517	27202140
CHR1_CLINGEN_Pathogenic_hg19.BEDvsCHR1_4_ALL_GAIN.txt	50134610	7066601	4291739	52909472	7066601
CHR1_OMIM_Dominant_hg19.BEDvsCHR1_4_ALL_GAIN.txt	50134610	16396383	1752965	64778028	16396383
CHR1_MMS_hg19.BEDvsCHR1_4_ALL_GAIN.txt	50134610	23921412	6534575	67521447	23921412
CHR1_Primary_CNVs_10MB_hg19.BEDvsCHR1_4_ALL_GAIN.txt	50134610	47081806	8541146	88675270	47081806
CHR1_OMIM_Recessive_hg19.BEDvsCHR1_4_ALL_GAIN.txt	50134610	10433026	1157784	59409852	10433026
CHR1_HIgenes_hg19.BEDvsCHR1_4_ALL_GAIN.txt	50134610	20842788	1523725	69453673	20842788
CHR1_OMIM_OMI_hg19.BEDvsCHR1_4_ALL_GAIN.txt	50134610	118550	52364	50200796	118550
CHR1_Primary_CNVs_hg19.BEDvsCHR1_4_ALL_GAIN.txt	50134610	47081806	8541146	88675270	47081806
CHR1_CLINGEN+DECIPHER_hg19.BEDvsCHR1_4_ALL_GAIN.txt	50134610	14988693	5843918	59279385	14988693
CHR1_DECIPHER_hg19.BEDvsCHR1_4_ALL_GAIN.txt	50134610	14541819	5630748	59045681	14541819
CHR1_MorbidMap_hg19.BEDvsCHR1_4_ALL_GAIN.txt	50134610	18829385	2436981	66527014	18829385
CHR1_OMIM_AllGenes_hg19.BEDvsCHR1_4_ALL_GAIN.txt	50134610	95036163	10597115	134573658	50134610
CHR1_CooperPaper_hg19.BEDvsCHR1_4_ALL_LOSS.txt	13470067	18812009	4097344	28184732	13470067
CHR1_ReportedCNVs_hg19.BEDvsCHR1_4_ALL_LOSS.txt	13470067	27202140	2928307	37743900	13470067
CHR1_CLINGEN_Pathogenic_hg19.BEDvsCHR1_4_ALL_LOSS.txt	13470067	7066601	1456576	19080092	7066601
CHR1_OMIM_Dominant_hg19.BEDvsCHR1_4_ALL_LOSS.txt	13470067	16396383	347054	29519396	13470067
CHR1_MMS_hg19.BEDvsCHR1_4_ALL_LOSS.txt	13470067	23921412	2633661	34757818	13470067
CHR1_Primary_CNVs_10MB_hg19.BEDvsCHR1_4_ALL_LOSS.txt	13470067	47081806	3360928	57190945	13470067
CHR1_OMIM_Recessive_hg19.BEDvsCHR1_4_ALL_LOSS.txt	13470067	10433026	1029501	22873592	10433026
CHR1_HIgenes_hg19.BEDvsCHR1_4_ALL_LOSS.txt	13470067	20842788	187986	34124869	13470067
CHR1_OMIM_OMI_hg19.BEDvsCHR1_4_ALL_LOSS.txt	13470067	118550	35541	13553076	118550
CHR1_Primary_CNVs_hg19.BEDvsCHR1_4_ALL_LOSS.txt	13470067	47081806	3360928	57190945	13470067
CHR1_CLINGEN+DECIPHER_hg19.BEDvsCHR1_4_ALL_LOSS.txt	13470067	14988693	2232712	26226048	13470067
CHR1_DECIPHER_hg19.BEDvsCHR1_4_ALL_LOSS.txt	13470067	14541819	2029627	25982259	13470067
CHR1_MorbidMap_hg19.BEDvsCHR1_4_ALL_LOSS.txt	13470067	18829385	1399645	30899807	13470067
CHR1_OMIM_AllGenes_hg19.BEDvsCHR1_4_ALL_LOSS.txt	13470067	95036163	3315188	105191042	13470067
CHR1_CooperPaper_hg19.BEDvsCHR1_4_B_GAIN.txt	5724442	18812009	1409115	23127336	5724442
CHR1_ReportedCNVs_hg19.BEDvsCHR1_4_B_GAIN.txt	5724442	27202140	418329	32508253	5724442
CHR1_CLINGEN_Pathogenic_hg19.BEDvsCHR1_4_B_GAIN.txt	5724442	7066601	362254	12428789	5724442
CHR1_OMIM_Dominant_hg19.BEDvsCHR1_4_B_GAIN.txt	5724442	16396383	61048	22059777	5724442
CHR1_MMS_hg19.BEDvsCHR1_4_B_GAIN.txt	5724442	23921412	289227	29356627	5724442
CHR1_Primary_CNVs_10MB_hg19.BEDvsCHR1_4_B_GAIN.txt	5724442	47081806	372944	52433304	5724442
CHR1_OMIM_Recessive_hg19.BEDvsCHR1_4_B_GAIN.txt	5724442	10433026	52476	16104992	5724442
CHR1_HIgenes_hg19.BEDvsCHR1_4_B_GAIN.txt	5724442	20842788	46642	26520588	5724442
CHR1_OMIM_OMI_hg19.BEDvsCHR1_4_B_GAIN.txt	5724442	118550	23982	5819010	118550
CHR1_Primary_CNVs_hg19.BEDvsCHR1_4_B_GAIN.txt	5724442	47081806	372944	52433304	5724442
CHR1_CLINGEN+DECIPHER_hg19.BEDvsCHR1_4_B_GAIN.txt	5724442	14988693	418329	20294806	5724442
CHR1_DECIPHER_hg19.BEDvsCHR1_4_B_GAIN.txt	5724442	14541819	334676	19931585	5724442
CHR1_MorbidMap_hg19.BEDvsCHR1_4_B_GAIN.txt	5724442	18829385	118404	24435423	5724442
CHR1_OMIM_AllGenes_hg19.BEDvsCHR1_4_B_GAIN.txt	5724442	95036163	1444427	99316178	5724442
CHR1_CooperPaper_hg19.BEDvsCHR1_4_B_LOSS.txt	2827418	18812009	54778	21584649	2827418
CHR1_ReportedCNVs_hg19.BEDvsCHR1_4_B_LOSS.txt	2827418	27202140	253900	29775658	2827418
CHR1_CLINGEN_Pathogenic_hg19.BEDvsCHR1_4_B_LOSS.txt	2827418	7066601	25489	9868530	2827418
CHR1_OMIM_Dominant_hg19.BEDvsCHR1_4_B_LOSS.txt	2827418	16396383	20467	19203334	2827418
CHR1_MMS_hg19.BEDvsCHR1_4_B_LOSS.txt	2827418	23921412	253900	26494930	2827418
CHR1_Primary_CNVs_10MB_hg19.BEDvsCHR1_4_B_LOSS.txt	2827418	47081806	25489	49883735	2827418
CHR1_OMIM_Recessive_hg19.BEDvsCHR1_4_B_LOSS.txt	2827418	10433026	10635	13249809	2827418
CHR1_HIgenes_hg19.BEDvsCHR1_4_B_LOSS.txt	2827418	20842788	20467	23649739	2827418
CHR1_OMIM_OMI_hg19.BEDvsCHR1_4_B_LOSS.txt	2827418	118550	10635	2935333	118550
CHR1_Primary_CNVs_hg19.BEDvsCHR1_4_B_LOSS.txt	2827418	47081806	25489	49883735	2827418
CHR1_CLINGEN+DECIPHER_hg19.BEDvsCHR1_4_B_LOSS.txt	2827418	14988693	253900	17562211	2827418
CHR1_DECIPHER_hg19.BEDvsCHR1_4_B_LOSS.txt	2827418	14541819	253900	17115337	2827418
CHR1_MorbidMap_hg19.BEDvsCHR1_4_B_LOSS.txt	2827418	18829385	31102	21625701	2827418
CHR1_OMIM_AllGenes_hg19.BEDvsCHR1_4_B_LOSS.txt	2827418	95036163	960521	96903060	2827418
CHR1_CooperPaper_hg19.BEDvsCHR1_4_B_USLB_GAIN.txt	31778861	18812009	3566896	47023974	18812009
CHR1_ReportedCNVs_hg19.BEDvsCHR1_4_B_USLB_GAIN.txt	31778861	27202140	1538209	57442792	27202140
CHR1_CLINGEN_Pathogenic_hg19.BEDvsCHR1_4_B_USLB_GAIN.txt	31778861	7066601	1149398	37696064	7066601
CHR1_OMIM_Dominant_hg19.BEDvsCHR1_4_B_USLB_GAIN.txt	31778861	16396383	291018	47884226	16396383
CHR1_MMS_hg19.BEDvsCHR1_4_B_USLB_GAIN.txt	31778861	23921412	1281951	54418322	23921412
CHR1_Primary_CNVs_10MB_hg19.BEDvsCHR1_4_B_USLB_GAIN.txt	31778861	47081806	2667017	76193650	31778861
CHR1_OMIM_Recessive_hg19.BEDvsCHR1_4_B_USLB_GAIN.txt	31778861	10433026	63118	42148769	10433026
CHR1_HIgenes_hg19.BEDvsCHR1_4_B_USLB_GAIN.txt	31778861	20842788	316640	52305009	20842788
CHR1_OMIM_OMI_hg19.BEDvsCHR1_4_B_USLB_GAIN.txt	31778861	118550	27458	31869953	118550
CHR1_Primary_CNVs_hg19.BEDvsCHR1_4_B_USLB_GAIN.txt	31778861	47081806	2667017	76193650	31778861
CHR1_CLINGEN+DECIPHER_hg19.BEDvsCHR1_4_B_USLB_GAIN.txt	31778861	14988693	1379496	45388058	14988693
CHR1_DECIPHER_hg19.BEDvsCHR1_4_B_USLB_GAIN.txt	31778861	14541819	1295843	45024837	14541819
CHR1_MorbidMap_hg19.BEDvsCHR1_4_B_USLB_GAIN.txt	31778861	18829385	370529	50237717	18829385
CHR1_OMIM_AllGenes_hg19.BEDvsCHR1_4_B_USLB_GAIN.txt	31778861	95036163	2398018	124417006	31778861
CHR1_CooperPaper_hg19.BEDvsCHR1_4_B_USLB_LOSS.txt	3308885	18812009	391300	21729594	3308885
CHR1_ReportedCNVs_hg19.BEDvsCHR1_4_B_USLB_LOSS.txt	3308885	27202140	253900	30257125	3308885
CHR1_CLINGEN_Pathogenic_hg19.BEDvsCHR1_4_B_USLB_LOSS.txt	3308885	7066601	25489	10349997	3308885
CHR1_OMIM_Dominant_hg19.BEDvsCHR1_4_B_USLB_LOSS.txt	3308885	16396383	20467	19684801	3308885
CHR1_MMS_hg19.BEDvsCHR1_4_B_USLB_LOSS.txt	3308885	23921412	253900	26976397	3308885
CHR1_Primary_CNVs_10MB_hg19.BEDvsCHR1_4_B_USLB_LOSS.txt	3308885	47081806	68266	50322425	3308885
CHR1_OMIM_Recessive_hg19.BEDvsCHR1_4_B_USLB_LOSS.txt	3308885	10433026	12135	13729776	3308885
CHR1_HIgenes_hg19.BEDvsCHR1_4_B_USLB_LOSS.txt	3308885	20842788	20467	24131206	3308885
CHR1_OMIM_OMI_hg19.BEDvsCHR1_4_B_USLB_LOSS.txt	3308885	118550	10635	3416800	118550
CHR1_Primary_CNVs_hg19.BEDvsCHR1_4_B_USLB_LOSS.txt	3308885	47081806	68266	50322425	3308885
CHR1_CLINGEN+DECIPHER_hg19.BEDvsCHR1_4_B_USLB_LOSS.txt	3308885	14988693	253900	18043678	3308885
CHR1_DECIPHER_hg19.BEDvsCHR1_4_B_USLB_LOSS.txt	3308885	14541819	253900	17596804	3308885
CHR1_MorbidMap_hg19.BEDvsCHR1_4_B_USLB_LOSS.txt	3308885	18829385	32602	22105668	3308885
CHR1_OMIM_AllGenes_hg19.BEDvsCHR1_4_B_USLB_LOSS.txt	3308885	95036163	1006645	97338403	3308885
CHR1_CooperPaper_hg19.BEDvsCHR1_5_ALL_GAIN.txt	41349629	18812009	8055543	52106095	18812009
CHR1_ReportedCNVs_hg19.BEDvsCHR1_5_ALL_GAIN.txt	41349629	27202140	5161588	63390181	27202140
CHR1_CLINGEN_Pathogenic_hg19.BEDvsCHR1_5_ALL_GAIN.txt	41349629	7066601	3332300	45083930	7066601
CHR1_OMIM_Dominant_hg19.BEDvsCHR1_5_ALL_GAIN.txt	41349629	16396383	1239628	56506384	16396383
CHR1_MMS_hg19.BEDvsCHR1_5_ALL_GAIN.txt	41349629	23921412	4384863	60886178	23921412
CHR1_Primary_CNVs_10MB_hg19.BEDvsCHR1_5_ALL_GAIN.txt	41349629	47081806	6776630	81654805	41349629
CHR1_OMIM_Recessive_hg19.BEDvsCHR1_5_ALL_GAIN.txt	41349629	10433026	250307	51532348	10433026
CHR1_HIgenes_hg19.BEDvsCHR1_5_ALL_GAIN.txt	41349629	20842788	1053031	61139386	20842788
CHR1_OMIM_OMI_hg19.BEDvsCHR1_5_ALL_GAIN.txt	41349629	118550	50808	41417371	118550
CHR1_Primary_CNVs_hg19.BEDvsCHR1_5_ALL_GAIN.txt	41349629	47081806	6776630	81654805	41349629
CHR1_CLINGEN+DECIPHER_hg19.BEDvsCHR1_5_ALL_GAIN.txt	41349629	14988693	4428227	51910095	14988693
CHR1_DECIPHER_hg19.BEDvsCHR1_5_ALL_GAIN.txt	41349629	14541819	4229991	51661457	14541819
CHR1_MorbidMap_hg19.BEDvsCHR1_5_ALL_GAIN.txt	41349629	18829385	1054698	59124316	18829385
CHR1_OMIM_AllGenes_hg19.BEDvsCHR1_5_ALL_GAIN.txt	41349629	95036163	6174401	130211391	41349629
CHR1_CooperPaper_hg19.BEDvsCHR1_5_ALL_LOSS.txt	9229131	18812009	3648370	24392770	9229131
CHR1_ReportedCNVs_hg19.BEDvsCHR1_5_ALL_LOSS.txt	9229131	27202140	2217424	34213847	9229131
CHR1_CLINGEN_Pathogenic_hg19.BEDvsCHR1_5_ALL_LOSS.txt	9229131	7066601	1410920	14884812	7066601
CHR1_OMIM_Dominant_hg19.BEDvsCHR1_5_ALL_LOSS.txt	9229131	16396383	268404	25357110	9229131
CHR1_MMS_hg19.BEDvsCHR1_5_ALL_LOSS.txt	9229131	23921412	1945807	31204736	9229131
CHR1_Primary_CNVs_10MB_hg19.BEDvsCHR1_5_ALL_LOSS.txt	9229131	47081806	2499449	53811488	9229131
CHR1_OMIM_Recessive_hg19.BEDvsCHR1_5_ALL_LOSS.txt	9229131	10433026	405624	19256533	9229131
CHR1_HIgenes_hg19.BEDvsCHR1_5_ALL_LOSS.txt	9229131	20842788	109762	29962157	9229131
CHR1_OMIM_OMI_hg19.BEDvsCHR1_5_ALL_LOSS.txt	9229131	118550	24906	9322775	118550
CHR1_Primary_CNVs_hg19.BEDvsCHR1_5_ALL_LOSS.txt	9229131	47081806	2499449	53811488	9229131
CHR1_CLINGEN+DECIPHER_hg19.BEDvsCHR1_5_ALL_LOSS.txt	9229131	14988693	2035165	22182659	9229131
CHR1_DECIPHER_hg19.BEDvsCHR1_5_ALL_LOSS.txt	9229131	14541819	1855109	21915841	9229131
CHR1_MorbidMap_hg19.BEDvsCHR1_5_ALL_LOSS.txt	9229131	18829385	674090	27384426	9229131
CHR1_OMIM_AllGenes_hg19.BEDvsCHR1_5_ALL_LOSS.txt	9229131	95036163	1789480	102475814	9229131
CHR1_CooperPaper_hg19.BEDvsCHR1_5_B_GAIN.txt	4937830	18812009	1316382	22433457	4937830
CHR1_ReportedCNVs_hg19.BEDvsCHR1_5_B_GAIN.txt	4937830	27202140	349947	31790023	4937830
CHR1_CLINGEN_Pathogenic_hg19.BEDvsCHR1_5_B_GAIN.txt	4937830	7066601	297404	11707027	4937830
CHR1_OMIM_Dominant_hg19.BEDvsCHR1_5_B_GAIN.txt	4937830	16396383	14406	21319807	4937830
CHR1_MMS_hg19.BEDvsCHR1_5_B_GAIN.txt	4937830	23921412	258189	28601053	4937830
CHR1_Primary_CNVs_10MB_hg19.BEDvsCHR1_5_B_GAIN.txt	4937830	47081806	308094	51711542	4937830
CHR1_OMIM_Recessive_hg19.BEDvsCHR1_5_B_GAIN.txt	4937830	10433026	52476	15318380	4937830
CHR1_HIgenes_hg19.BEDvsCHR1_5_B_GAIN.txt	4937830	20842788	0	25780618	4937830
CHR1_OMIM_OMI_hg19.BEDvsCHR1_5_B_GAIN.txt	4937830	118550	23982	5032398	118550
CHR1_Primary_CNVs_hg19.BEDvsCHR1_5_B_GAIN.txt	4937830	47081806	308094	51711542	4937830
CHR1_CLINGEN+DECIPHER_hg19.BEDvsCHR1_5_B_GAIN.txt	4937830	14988693	349947	19576576	4937830
CHR1_DECIPHER_hg19.BEDvsCHR1_5_B_GAIN.txt	4937830	14541819	298399	19181250	4937830
CHR1_MorbidMap_hg19.BEDvsCHR1_5_B_GAIN.txt	4937830	18829385	71762	23695453	4937830
CHR1_OMIM_AllGenes_hg19.BEDvsCHR1_5_B_GAIN.txt	4937830	95036163	1116084	98857909	4937830
CHR1_CooperPaper_hg19.BEDvsCHR1_5_B_LOSS.txt	1991990	18812009	7701	20796298	1991990
CHR1_ReportedCNVs_hg19.BEDvsCHR1_5_B_LOSS.txt	1991990	27202140	84221	29109909	1991990
CHR1_CLINGEN_Pathogenic_hg19.BEDvsCHR1_5_B_LOSS.txt	1991990	7066601	7701	9050890	1991990
CHR1_OMIM_Dominant_hg19.BEDvsCHR1_5_B_LOSS.txt	1991990	16396383	0	18388373	1991990
CHR1_MMS_hg19.BEDvsCHR1_5_B_LOSS.txt	1991990	23921412	84221	25829181	1991990
CHR1_Primary_CNVs_10MB_hg19.BEDvsCHR1_5_B_LOSS.txt	1991990	47081806	7701	49066095	1991990
CHR1_OMIM_Recessive_hg19.BEDvsCHR1_5_B_LOSS.txt	1991990	10433026	0	12425016	1991990
CHR1_HIgenes_hg19.BEDvsCHR1_5_B_LOSS.txt	1991990	20842788	0	22834778	1991990
CHR1_OMIM_OMI_hg19.BEDvsCHR1_5_B_LOSS.txt	1991990	118550	0	2110540	118550
CHR1_Primary_CNVs_hg19.BEDvsCHR1_5_B_LOSS.txt	1991990	47081806	7701	49066095	1991990
CHR1_CLINGEN+DECIPHER_hg19.BEDvsCHR1_5_B_LOSS.txt	1991990	14988693	84221	16896462	1991990
CHR1_DECIPHER_hg19.BEDvsCHR1_5_B_LOSS.txt	1991990	14541819	84221	16449588	1991990
CHR1_MorbidMap_hg19.BEDvsCHR1_5_B_LOSS.txt	1991990	18829385	0	20821375	1991990
CHR1_OMIM_AllGenes_hg19.BEDvsCHR1_5_B_LOSS.txt	1991990	95036163	477910	96550243	1991990
CHR1_CooperPaper_hg19.BEDvsCHR1_5_B_USLB_GAIN.txt	29297489	18812009	2446361	45663137	18812009
CHR1_ReportedCNVs_hg19.BEDvsCHR1_5_B_USLB_GAIN.txt	29297489	27202140	1033074	55466555	27202140
CHR1_CLINGEN_Pathogenic_hg19.BEDvsCHR1_5_B_USLB_GAIN.txt	29297489	7066601	806508	35557582	7066601
CHR1_OMIM_Dominant_hg19.BEDvsCHR1_5_B_USLB_GAIN.txt	29297489	16396383	236578	45457294	16396383
CHR1_MMS_hg19.BEDvsCHR1_5_B_USLB_GAIN.txt	29297489	23921412	793469	52425432	23921412
CHR1_Primary_CNVs_10MB_hg19.BEDvsCHR1_5_B_USLB_GAIN.txt	29297489	47081806	1365453	75013842	29297489
CHR1_OMIM_Recessive_hg19.BEDvsCHR1_5_B_USLB_GAIN.txt	29297489	10433026	57139	39673376	10433026
CHR1_HIgenes_hg19.BEDvsCHR1_5_B_USLB_GAIN.txt	29297489	20842788	46642	50093635	20842788
CHR1_OMIM_OMI_hg19.BEDvsCHR1_5_B_USLB_GAIN.txt	29297489	118550	25902	29390137	118550
CHR1_Primary_CNVs_hg19.BEDvsCHR1_5_B_USLB_GAIN.txt	29297489	47081806	1365453	75013842	29297489
CHR1_CLINGEN+DECIPHER_hg19.BEDvsCHR1_5_B_USLB_GAIN.txt	29297489	14988693	1033074	43253108	14988693
CHR1_DECIPHER_hg19.BEDvsCHR1_5_B_USLB_GAIN.txt	29297489	14541819	951667	42887641	14541819
CHR1_MorbidMap_hg19.BEDvsCHR1_5_B_USLB_GAIN.txt	29297489	18829385	298597	47828277	18829385
CHR1_OMIM_AllGenes_hg19.BEDvsCHR1_5_B_USLB_GAIN.txt	29297489	95036163	2108115	122225537	29297489
CHR1_CooperPaper_hg19.BEDvsCHR1_5_B_USLB_LOSS.txt	2805610	18812009	255192	21362427	2805610
CHR1_ReportedCNVs_hg19.BEDvsCHR1_5_B_USLB_LOSS.txt	2805610	27202140	102009	29905741	2805610
CHR1_CLINGEN_Pathogenic_hg19.BEDvsCHR1_5_B_USLB_LOSS.txt	2805610	7066601	25489	9846722	2805610
CHR1_OMIM_Dominant_hg19.BEDvsCHR1_5_B_USLB_LOSS.txt	2805610	16396383	0	19201993	2805610
CHR1_MMS_hg19.BEDvsCHR1_5_B_USLB_LOSS.txt	2805610	23921412	102009	26625013	2805610
CHR1_Primary_CNVs_10MB_hg19.BEDvsCHR1_5_B_USLB_LOSS.txt	2805610	47081806	26989	49860427	2805610
CHR1_OMIM_Recessive_hg19.BEDvsCHR1_5_B_USLB_LOSS.txt	2805610	10433026	1500	13237136	2805610
CHR1_HIgenes_hg19.BEDvsCHR1_5_B_USLB_LOSS.txt	2805610	20842788	0	23648398	2805610
CHR1_OMIM_OMI_hg19.BEDvsCHR1_5_B_USLB_LOSS.txt	2805610	118550	0	2924160	118550
CHR1_Primary_CNVs_hg19.BEDvsCHR1_5_B_USLB_LOSS.txt	2805610	47081806	26989	49860427	2805610
CHR1_CLINGEN+DECIPHER_hg19.BEDvsCHR1_5_B_USLB_LOSS.txt	2805610	14988693	102009	17692294	2805610
CHR1_DECIPHER_hg19.BEDvsCHR1_5_B_USLB_LOSS.txt	2805610	14541819	102009	17245420	2805610
CHR1_MorbidMap_hg19.BEDvsCHR1_5_B_USLB_LOSS.txt	2805610	18829385	1500	21633495	2805610
CHR1_OMIM_AllGenes_hg19.BEDvsCHR1_5_B_USLB_LOSS.txt	2805610	95036163	742318	97099455	2805610
CHR1_CooperPaper_hg19.BEDvsCHR1_6_ALL_GAIN.txt	37756641	18812009	6872311	49696339	18812009
CHR1_ReportedCNVs_hg19.BEDvsCHR1_6_ALL_GAIN.txt	37756641	27202140	4385261	60573520	27202140
CHR1_CLINGEN_Pathogenic_hg19.BEDvsCHR1_6_ALL_GAIN.txt	37756641	7066601	2670095	42153147	7066601
CHR1_OMIM_Dominant_hg19.BEDvsCHR1_6_ALL_GAIN.txt	37756641	16396383	877822	53275202	16396383
CHR1_MMS_hg19.BEDvsCHR1_6_ALL_GAIN.txt	37756641	23921412	3630808	58047245	23921412
CHR1_Primary_CNVs_10MB_hg19.BEDvsCHR1_6_ALL_GAIN.txt	37756641	47081806	5289544	79548903	37756641
CHR1_OMIM_Recessive_hg19.BEDvsCHR1_6_ALL_GAIN.txt	37756641	10433026	107767	48081900	10433026
CHR1_HIgenes_hg19.BEDvsCHR1_6_ALL_GAIN.txt	37756641	20842788	737707	57861722	20842788
CHR1_OMIM_OMI_hg19.BEDvsCHR1_6_ALL_GAIN.txt	37756641	118550	50808	37824383	118550
CHR1_Primary_CNVs_hg19.BEDvsCHR1_6_ALL_GAIN.txt	37756641	47081806	5289544	79548903	37756641
CHR1_CLINGEN+DECIPHER_hg19.BEDvsCHR1_6_ALL_GAIN.txt	37756641	14988693	3761930	48983404	14988693
CHR1_DECIPHER_hg19.BEDvsCHR1_6_ALL_GAIN.txt	37756641	14541819	3581874	48716586	14541819
CHR1_MorbidMap_hg19.BEDvsCHR1_6_ALL_GAIN.txt	37756641	18829385	586750	55999276	18829385
CHR1_OMIM_AllGenes_hg19.BEDvsCHR1_6_ALL_GAIN.txt	37756641	95036163	4940788	127852016	37756641
CHR1_CooperPaper_hg19.BEDvsCHR1_6_ALL_LOSS.txt	7032214	18812009	3337379	22506844	7032214
CHR1_ReportedCNVs_hg19.BEDvsCHR1_6_ALL_LOSS.txt	7032214	27202140	1937106	32297248	7032214
CHR1_CLINGEN_Pathogenic_hg19.BEDvsCHR1_6_ALL_LOSS.txt	7032214	7066601	1369381	12729434	7032214
CHR1_OMIM_Dominant_hg19.BEDvsCHR1_6_ALL_LOSS.txt	7032214	16396383	265998	23162599	7032214
CHR1_MMS_hg19.BEDvsCHR1_6_ALL_LOSS.txt	7032214	23921412	1665489	29288137	7032214
CHR1_Primary_CNVs_10MB_hg19.BEDvsCHR1_6_ALL_LOSS.txt	7032214	47081806	2205541	51908479	7032214
CHR1_OMIM_Recessive_hg19.BEDvsCHR1_6_ALL_LOSS.txt	7032214	10433026	243365	17221875	7032214
CHR1_HIgenes_hg19.BEDvsCHR1_6_ALL_LOSS.txt	7032214	20842788	109762	27765240	7032214
CHR1_OMIM_OMI_hg19.BEDvsCHR1_6_ALL_LOSS.txt	7032214	118550	24906	7125858	118550
CHR1_Primary_CNVs_hg19.BEDvsCHR1_6_ALL_LOSS.txt	7032214	47081806	2205541	51908479	7032214
CHR1_CLINGEN+DECIPHER_hg19.BEDvsCHR1_6_ALL_LOSS.txt	7032214	14988693	1917106	20103801	7032214
CHR1_DECIPHER_hg19.BEDvsCHR1_6_ALL_LOSS.txt	7032214	14541819	1737050	19836983	7032214
CHR1_MorbidMap_hg19.BEDvsCHR1_6_ALL_LOSS.txt	7032214	18829385	509425	25352174	7032214
CHR1_OMIM_AllGenes_hg19.BEDvsCHR1_6_ALL_LOSS.txt	7032214	95036163	1121739	100946638	7032214
CHR1_CooperPaper_hg19.BEDvsCHR1_6_B_GAIN.txt	4371183	18812009	1166274	22016918	4371183
CHR1_ReportedCNVs_hg19.BEDvsCHR1_6_B_GAIN.txt	4371183	27202140	298177	31275146	4371183
CHR1_CLINGEN_Pathogenic_hg19.BEDvsCHR1_6_B_GAIN.txt	4371183	7066601	297391	11140393	4371183
CHR1_OMIM_Dominant_hg19.BEDvsCHR1_6_B_GAIN.txt	4371183	16396383	3716	20763850	4371183
CHR1_MMS_hg19.BEDvsCHR1_6_B_GAIN.txt	4371183	23921412	213432	28079163	4371183
CHR1_Primary_CNVs_10MB_hg19.BEDvsCHR1_6_B_GAIN.txt	4371183	47081806	297391	51155598	4371183
CHR1_OMIM_Recessive_hg19.BEDvsCHR1_6_B_GAIN.txt	4371183	10433026	52476	14751733	4371183
CHR1_HIgenes_hg19.BEDvsCHR1_6_B_GAIN.txt	4371183	20842788	0	25213971	4371183
CHR1_OMIM_OMI_hg19.BEDvsCHR1_6_B_GAIN.txt	4371183	118550	23982	4465751	118550
CHR1_Primary_CNVs_hg19.BEDvsCHR1_6_B_GAIN.txt	4371183	47081806	297391	51155598	4371183
CHR1_CLINGEN+DECIPHER_hg19.BEDvsCHR1_6_B_GAIN.txt	4371183	14988693	298177	19061699	4371183
CHR1_DECIPHER_hg19.BEDvsCHR1_6_B_GAIN.txt	4371183	14541819	246642	18666360	4371183
CHR1_MorbidMap_hg19.BEDvsCHR1_6_B_GAIN.txt	4371183	18829385	61072	23139496	4371183
CHR1_OMIM_AllGenes_hg19.BEDvsCHR1_6_B_GAIN.txt	4371183	95036163	1052066	98355280	4371183
CHR1_CooperPaper_hg19.BEDvsCHR1_6_B_LOSS.txt	1570485	18812009	0	20382494	1570485
CHR1_ReportedCNVs_hg19.BEDvsCHR1_6_B_LOSS.txt	1570485	27202140	0	28772625	1570485
CHR1_CLINGEN_Pathogenic_hg19.BEDvsCHR1_6_B_LOSS.txt	1570485	7066601	0	8637086	1570485
CHR1_OMIM_Dominant_hg19.BEDvsCHR1_6_B_LOSS.txt	1570485	16396383	0	17966868	1570485
CHR1_MMS_hg19.BEDvsCHR1_6_B_LOSS.txt	1570485	23921412	0	25491897	1570485
CHR1_Primary_CNVs_10MB_hg19.BEDvsCHR1_6_B_LOSS.txt	1570485	47081806	0	48652291	1570485
CHR1_OMIM_Recessive_hg19.BEDvsCHR1_6_B_LOSS.txt	1570485	10433026	0	12003511	1570485
CHR1_HIgenes_hg19.BEDvsCHR1_6_B_LOSS.txt	1570485	20842788	0	22413273	1570485
CHR1_OMIM_OMI_hg19.BEDvsCHR1_6_B_LOSS.txt	1570485	118550	0	1689035	118550
CHR1_Primary_CNVs_hg19.BEDvsCHR1_6_B_LOSS.txt	1570485	47081806	0	48652291	1570485
CHR1_CLINGEN+DECIPHER_hg19.BEDvsCHR1_6_B_LOSS.txt	1570485	14988693	0	16559178	1570485
CHR1_DECIPHER_hg19.BEDvsCHR1_6_B_LOSS.txt	1570485	14541819	0	16112304	1570485
CHR1_MorbidMap_hg19.BEDvsCHR1_6_B_LOSS.txt	1570485	18829385	0	20399870	1570485
CHR1_OMIM_AllGenes_hg19.BEDvsCHR1_6_B_LOSS.txt	1570485	95036163	292532	96314116	1570485
CHR1_CooperPaper_hg19.BEDvsCHR1_6_B_USLB_GAIN.txt	27494892	18812009	1665500	44641401	18812009
CHR1_ReportedCNVs_hg19.BEDvsCHR1_6_B_USLB_GAIN.txt	27494892	27202140	545527	54151505	27202140
CHR1_CLINGEN_Pathogenic_hg19.BEDvsCHR1_6_B_USLB_GAIN.txt	27494892	7066601	483467	34078026	7066601
CHR1_OMIM_Dominant_hg19.BEDvsCHR1_6_B_USLB_GAIN.txt	27494892	16396383	14406	43876869	16396383
CHR1_MMS_hg19.BEDvsCHR1_6_B_USLB_GAIN.txt	27494892	23921412	460769	50955535	23921412
CHR1_Primary_CNVs_10MB_hg19.BEDvsCHR1_6_B_USLB_GAIN.txt	27494892	47081806	735343	73841355	27494892
CHR1_OMIM_Recessive_hg19.BEDvsCHR1_6_B_USLB_GAIN.txt	27494892	10433026	57139	37870779	10433026
CHR1_HIgenes_hg19.BEDvsCHR1_6_B_USLB_GAIN.txt	27494892	20842788	0	48337680	20842788
CHR1_OMIM_OMI_hg19.BEDvsCHR1_6_B_USLB_GAIN.txt	27494892	118550	25902	27587540	118550
CHR1_Primary_CNVs_hg19.BEDvsCHR1_6_B_USLB_GAIN.txt	27494892	47081806	735343	73841355	27494892
CHR1_CLINGEN+DECIPHER_hg19.BEDvsCHR1_6_B_USLB_GAIN.txt	27494892	14988693	545527	41938058	14988693
CHR1_DECIPHER_hg19.BEDvsCHR1_6_B_USLB_GAIN.txt	27494892	14541819	493979	41542732	14541819
CHR1_MorbidMap_hg19.BEDvsCHR1_6_B_USLB_GAIN.txt	27494892	18829385	76425	46247852	18829385
CHR1_OMIM_AllGenes_hg19.BEDvsCHR1_6_B_USLB_GAIN.txt	27494892	95036163	1564331	120966724	27494892
CHR1_CooperPaper_hg19.BEDvsCHR1_6_B_USLB_LOSS.txt	2029983	18812009	204761	20637231	2029983
CHR1_ReportedCNVs_hg19.BEDvsCHR1_6_B_USLB_LOSS.txt	2029983	27202140	25489	29206634	2029983
CHR1_CLINGEN_Pathogenic_hg19.BEDvsCHR1_6_B_USLB_LOSS.txt	2029983	7066601	25489	9071095	2029983
CHR1_OMIM_Dominant_hg19.BEDvsCHR1_6_B_USLB_LOSS.txt	2029983	16396383	0	18426366	2029983
CHR1_MMS_hg19.BEDvsCHR1_6_B_USLB_LOSS.txt	2029983	23921412	25489	25925906	2029983
CHR1_Primary_CNVs_10MB_hg19.BEDvsCHR1_6_B_USLB_LOSS.txt	2029983	47081806	26989	49084800	2029983
CHR1_OMIM_Recessive_hg19.BEDvsCHR1_6_B_USLB_LOSS.txt	2029983	10433026	1500	12461509	2029983
CHR1_HIgenes_hg19.BEDvsCHR1_6_B_USLB_LOSS.txt	2029983	20842788	0	22872771	2029983
CHR1_OMIM_OMI_hg19.BEDvsCHR1_6_B_USLB_LOSS.txt	2029983	118550	0	2148533	118550
CHR1_Primary_CNVs_hg19.BEDvsCHR1_6_B_USLB_LOSS.txt	2029983	47081806	26989	49084800	2029983
CHR1_CLINGEN+DECIPHER_hg19.BEDvsCHR1_6_B_USLB_LOSS.txt	2029983	14988693	25489	16993187	2029983
CHR1_DECIPHER_hg19.BEDvsCHR1_6_B_USLB_LOSS.txt	2029983	14541819	25489	16546313	2029983
CHR1_MorbidMap_hg19.BEDvsCHR1_6_B_USLB_LOSS.txt	2029983	18829385	1500	20857868	2029983
CHR1_OMIM_AllGenes_hg19.BEDvsCHR1_6_B_USLB_LOSS.txt	2029983	95036163	335488	96730658	2029983
CHR1_CooperPaper_hg19.BEDvsCHR1_7_ALL_GAIN.txt	33913497	18812009	5967895	46757611	18812009
CHR1_ReportedCNVs_hg19.BEDvsCHR1_7_ALL_GAIN.txt	33913497	27202140	3259970	57855667	27202140
CHR1_CLINGEN_Pathogenic_hg19.BEDvsCHR1_7_ALL_GAIN.txt	33913497	7066601	2073395	38906703	7066601
CHR1_OMIM_Dominant_hg19.BEDvsCHR1_7_ALL_GAIN.txt	33913497	16396383	723808	49586072	16396383
CHR1_MMS_hg19.BEDvsCHR1_7_ALL_GAIN.txt	33913497	23921412	2874818	54960091	23921412
CHR1_Primary_CNVs_10MB_hg19.BEDvsCHR1_7_ALL_GAIN.txt	33913497	47081806	4435485	76559818	33913497
CHR1_OMIM_Recessive_hg19.BEDvsCHR1_7_ALL_GAIN.txt	33913497	10433026	63118	44283405	10433026
CHR1_HIgenes_hg19.BEDvsCHR1_7_ALL_GAIN.txt	33913497	20842788	689915	54066370	20842788
CHR1_OMIM_OMI_hg19.BEDvsCHR1_7_ALL_GAIN.txt	33913497	118550	50808	33981239	118550
CHR1_Primary_CNVs_hg19.BEDvsCHR1_7_ALL_GAIN.txt	33913497	47081806	4435485	76559818	33913497
CHR1_CLINGEN+DECIPHER_hg19.BEDvsCHR1_7_ALL_GAIN.txt	33913497	14988693	2795929	46106261	14988693
CHR1_DECIPHER_hg19.BEDvsCHR1_7_ALL_GAIN.txt	33913497	14541819	2615873	45839443	14541819
CHR1_MorbidMap_hg19.BEDvsCHR1_7_ALL_GAIN.txt	33913497	18829385	395637	52347245	18829385
CHR1_OMIM_AllGenes_hg19.BEDvsCHR1_7_ALL_GAIN.txt	33913497	95036163	3183077	125766583	33913497
CHR1_CooperPaper_hg19.BEDvsCHR1_7_ALL_LOSS.txt	5384072	18812009	2835345	21360736	5384072
CHR1_ReportedCNVs_hg19.BEDvsCHR1_7_ALL_LOSS.txt	5384072	27202140	1931100	30655112	5384072
CHR1_CLINGEN_Pathogenic_hg19.BEDvsCHR1_7_ALL_LOSS.txt	5384072	7066601	1363891	11086782	5384072
CHR1_OMIM_Dominant_hg19.BEDvsCHR1_7_ALL_LOSS.txt	5384072	16396383	186079	21594376	5384072
CHR1_MMS_hg19.BEDvsCHR1_7_ALL_LOSS.txt	5384072	23921412	1665489	27639995	5384072
CHR1_Primary_CNVs_10MB_hg19.BEDvsCHR1_7_ALL_LOSS.txt	5384072	47081806	1876539	50589339	5384072
CHR1_OMIM_Recessive_hg19.BEDvsCHR1_7_ALL_LOSS.txt	5384072	10433026	74656	15742442	5384072
CHR1_HIgenes_hg19.BEDvsCHR1_7_ALL_LOSS.txt	5384072	20842788	109762	26117098	5384072
CHR1_OMIM_OMI_hg19.BEDvsCHR1_7_ALL_LOSS.txt	5384072	118550	24906	5477716	118550
CHR1_Primary_CNVs_hg19.BEDvsCHR1_7_ALL_LOSS.txt	5384072	47081806	1876539	50589339	5384072
CHR1_CLINGEN+DECIPHER_hg19.BEDvsCHR1_7_ALL_LOSS.txt	5384072	14988693	1911100	18461665	5384072
CHR1_DECIPHER_hg19.BEDvsCHR1_7_ALL_LOSS.txt	5384072	14541819	1736534	18189357	5384072
CHR1_MorbidMap_hg19.BEDvsCHR1_7_ALL_LOSS.txt	5384072	18829385	272656	23940801	5384072
CHR1_OMIM_AllGenes_hg19.BEDvsCHR1_7_ALL_LOSS.txt	5384072	95036163	858049	99562186	5384072
CHR1_CooperPaper_hg19.BEDvsCHR1_7_B_GAIN.txt	3585775	18812009	1076562	21321222	3585775
CHR1_ReportedCNVs_hg19.BEDvsCHR1_7_B_GAIN.txt	3585775	27202140	216048	30571867	3585775
CHR1_CLINGEN_Pathogenic_hg19.BEDvsCHR1_7_B_GAIN.txt	3585775	7066601	215262	10437114	3585775
CHR1_OMIM_Dominant_hg19.BEDvsCHR1_7_B_GAIN.txt	3585775	16396383	3716	19978442	3585775
CHR1_MMS_hg19.BEDvsCHR1_7_B_GAIN.txt	3585775	23921412	195579	27311608	3585775
CHR1_Primary_CNVs_10MB_hg19.BEDvsCHR1_7_B_GAIN.txt	3585775	47081806	215262	50452319	3585775
CHR1_OMIM_Recessive_hg19.BEDvsCHR1_7_B_GAIN.txt	3585775	10433026	52476	13966325	3585775
CHR1_HIgenes_hg19.BEDvsCHR1_7_B_GAIN.txt	3585775	20842788	0	24428563	3585775
CHR1_OMIM_OMI_hg19.BEDvsCHR1_7_B_GAIN.txt	3585775	118550	15386	3688939	118550
CHR1_Primary_CNVs_hg19.BEDvsCHR1_7_B_GAIN.txt	3585775	47081806	215262	50452319	3585775
CHR1_CLINGEN+DECIPHER_hg19.BEDvsCHR1_7_B_GAIN.txt	3585775	14988693	216048	18358420	3585775
CHR1_DECIPHER_hg19.BEDvsCHR1_7_B_GAIN.txt	3585775	14541819	216048	17911546	3585775
CHR1_MorbidMap_hg19.BEDvsCHR1_7_B_GAIN.txt	3585775	18829385	52476	22362684	3585775
CHR1_OMIM_AllGenes_hg19.BEDvsCHR1_7_B_GAIN.txt	3585775	95036163	1025617	97596321	3585775
CHR1_CooperPaper_hg19.BEDvsCHR1_7_B_LOSS.txt	1335959	18812009	0	20147968	1335959
CHR1_ReportedCNVs_hg19.BEDvsCHR1_7_B_LOSS.txt	1335959	27202140	0	28538099	1335959
CHR1_CLINGEN_Pathogenic_hg19.BEDvsCHR1_7_B_LOSS.txt	1335959	7066601	0	8402560	1335959
CHR1_OMIM_Dominant_hg19.BEDvsCHR1_7_B_LOSS.txt	1335959	16396383	0	17732342	1335959
CHR1_MMS_hg19.BEDvsCHR1_7_B_LOSS.txt	1335959	23921412	0	25257371	1335959
CHR1_Primary_CNVs_10MB_hg19.BEDvsCHR1_7_B_LOSS.txt	1335959	47081806	0	48417765	1335959
CHR1_OMIM_Recessive_hg19.BEDvsCHR1_7_B_LOSS.txt	1335959	10433026	0	11768985	1335959
CHR1_HIgenes_hg19.BEDvsCHR1_7_B_LOSS.txt	1335959	20842788	0	22178747	1335959
CHR1_OMIM_OMI_hg19.BEDvsCHR1_7_B_LOSS.txt	1335959	118550	0	1454509	118550
CHR1_Primary_CNVs_hg19.BEDvsCHR1_7_B_LOSS.txt	1335959	47081806	0	48417765	1335959
CHR1_CLINGEN+DECIPHER_hg19.BEDvsCHR1_7_B_LOSS.txt	1335959	14988693	0	16324652	1335959
CHR1_DECIPHER_hg19.BEDvsCHR1_7_B_LOSS.txt	1335959	14541819	0	15877778	1335959
CHR1_MorbidMap_hg19.BEDvsCHR1_7_B_LOSS.txt	1335959	18829385	0	20165344	1335959
CHR1_OMIM_AllGenes_hg19.BEDvsCHR1_7_B_LOSS.txt	1335959	95036163	58006	96314116	1335959
CHR1_CooperPaper_hg19.BEDvsCHR1_7_B_USLB_GAIN.txt	26391142	18812009	1214411	43988740	18812009
CHR1_ReportedCNVs_hg19.BEDvsCHR1_7_B_USLB_GAIN.txt	26391142	27202140	339083	53254199	26391142
CHR1_CLINGEN_Pathogenic_hg19.BEDvsCHR1_7_B_USLB_GAIN.txt	26391142	7066601	297391	33160352	7066601
CHR1_OMIM_Dominant_hg19.BEDvsCHR1_7_B_USLB_GAIN.txt	26391142	16396383	10965	42776560	16396383
CHR1_MMS_hg19.BEDvsCHR1_7_B_USLB_GAIN.txt	26391142	23921412	254338	50058216	23921412
CHR1_Primary_CNVs_10MB_hg19.BEDvsCHR1_7_B_USLB_GAIN.txt	26391142	47081806	304640	73168308	26391142
CHR1_OMIM_Recessive_hg19.BEDvsCHR1_7_B_USLB_GAIN.txt	26391142	10433026	54396	36769772	10433026
CHR1_HIgenes_hg19.BEDvsCHR1_7_B_USLB_GAIN.txt	26391142	20842788	0	47233930	20842788
CHR1_OMIM_OMI_hg19.BEDvsCHR1_7_B_USLB_GAIN.txt	26391142	118550	25902	26483790	118550
CHR1_Primary_CNVs_hg19.BEDvsCHR1_7_B_USLB_GAIN.txt	26391142	47081806	304640	73168308	26391142
CHR1_CLINGEN+DECIPHER_hg19.BEDvsCHR1_7_B_USLB_GAIN.txt	26391142	14988693	339083	41040752	14988693
CHR1_DECIPHER_hg19.BEDvsCHR1_7_B_USLB_GAIN.txt	26391142	14541819	287548	40645413	14541819
CHR1_MorbidMap_hg19.BEDvsCHR1_7_B_USLB_GAIN.txt	26391142	18829385	70241	45150286	18829385
CHR1_OMIM_AllGenes_hg19.BEDvsCHR1_7_B_USLB_GAIN.txt	26391142	95036163	1225658	120201647	26391142
CHR1_CooperPaper_hg19.BEDvsCHR1_7_B_USLB_LOSS.txt	1789950	18812009	30609	20571350	1789950
CHR1_ReportedCNVs_hg19.BEDvsCHR1_7_B_USLB_LOSS.txt	1789950	27202140	7701	28984389	1789950
CHR1_CLINGEN_Pathogenic_hg19.BEDvsCHR1_7_B_USLB_LOSS.txt	1789950	7066601	7701	8848850	1789950
CHR1_OMIM_Dominant_hg19.BEDvsCHR1_7_B_USLB_LOSS.txt	1789950	16396383	0	18186333	1789950
CHR1_MMS_hg19.BEDvsCHR1_7_B_USLB_LOSS.txt	1789950	23921412	7701	25703661	1789950
CHR1_Primary_CNVs_10MB_hg19.BEDvsCHR1_7_B_USLB_LOSS.txt	1789950	47081806	9201	48862555	1789950
CHR1_OMIM_Recessive_hg19.BEDvsCHR1_7_B_USLB_LOSS.txt	1789950	10433026	1500	12221476	1789950
CHR1_HIgenes_hg19.BEDvsCHR1_7_B_USLB_LOSS.txt	1789950	20842788	0	22632738	1789950
CHR1_OMIM_OMI_hg19.BEDvsCHR1_7_B_USLB_LOSS.txt	1789950	118550	0	1908500	118550
CHR1_Primary_CNVs_hg19.BEDvsCHR1_7_B_USLB_LOSS.txt	1789950	47081806	9201	48862555	1789950
CHR1_CLINGEN+DECIPHER_hg19.BEDvsCHR1_7_B_USLB_LOSS.txt	1789950	14988693	7701	16770942	1789950
CHR1_DECIPHER_hg19.BEDvsCHR1_7_B_USLB_LOSS.txt	1789950	14541819	7701	16324068	1789950
CHR1_MorbidMap_hg19.BEDvsCHR1_7_B_USLB_LOSS.txt	1789950	18829385	1500	20617835	1789950
CHR1_OMIM_AllGenes_hg19.BEDvsCHR1_7_B_USLB_LOSS.txt	1789950	95036163	290961	96535152	1789950
CHR1_CooperPaper_hg19.BEDvsCHR1_8_ALL_GAIN.txt	32411697	18812009	5742701	45481005	18812009
CHR1_ReportedCNVs_hg19.BEDvsCHR1_8_ALL_GAIN.txt	32411697	27202140	3148071	56465766	27202140
CHR1_CLINGEN_Pathogenic_hg19.BEDvsCHR1_8_ALL_GAIN.txt	32411697	7066601	2042739	37435559	7066601
CHR1_OMIM_Dominant_hg19.BEDvsCHR1_8_ALL_GAIN.txt	32411697	16396383	664862	48143218	16396383
CHR1_MMS_hg19.BEDvsCHR1_8_ALL_GAIN.txt	32411697	23921412	2773585	53559524	23921412
CHR1_Primary_CNVs_10MB_hg19.BEDvsCHR1_8_ALL_GAIN.txt	32411697	47081806	4127486	75366017	32411697
CHR1_OMIM_Recessive_hg19.BEDvsCHR1_8_ALL_GAIN.txt	32411697	10433026	63118	42781605	10433026
CHR1_HIgenes_hg19.BEDvsCHR1_8_ALL_GAIN.txt	32411697	20842788	341427	52913058	20842788
CHR1_OMIM_OMI_hg19.BEDvsCHR1_8_ALL_GAIN.txt	32411697	118550	42212	32488035	118550
CHR1_Primary_CNVs_hg19.BEDvsCHR1_8_ALL_GAIN.txt	32411697	47081806	4127486	75366017	32411697
CHR1_CLINGEN+DECIPHER_hg19.BEDvsCHR1_8_ALL_GAIN.txt	32411697	14988693	2754607	44645783	14988693
CHR1_DECIPHER_hg19.BEDvsCHR1_8_ALL_GAIN.txt	32411697	14541819	2574551	44378965	14541819
CHR1_MorbidMap_hg19.BEDvsCHR1_8_ALL_GAIN.txt	32411697	18829385	340399	50900683	18829385
CHR1_OMIM_AllGenes_hg19.BEDvsCHR1_8_ALL_GAIN.txt	32411697	95036163	2429421	125018439	32411697
CHR1_CooperPaper_hg19.BEDvsCHR1_8_ALL_LOSS.txt	4511495	18812009	2475842	20847662	4511495
CHR1_ReportedCNVs_hg19.BEDvsCHR1_8_ALL_LOSS.txt	4511495	27202140	1851438	29862197	4511495
CHR1_CLINGEN_Pathogenic_hg19.BEDvsCHR1_8_ALL_LOSS.txt	4511495	7066601	1298459	10279637	4511495
CHR1_OMIM_Dominant_hg19.BEDvsCHR1_8_ALL_LOSS.txt	4511495	16396383	116337	20791541	4511495
CHR1_MMS_hg19.BEDvsCHR1_8_ALL_LOSS.txt	4511495	23921412	1647701	26785206	4511495
CHR1_Primary_CNVs_10MB_hg19.BEDvsCHR1_8_ALL_LOSS.txt	4511495	47081806	1554174	50039127	4511495
CHR1_OMIM_Recessive_hg19.BEDvsCHR1_8_ALL_LOSS.txt	4511495	10433026	7479	14937042	4511495
CHR1_HIgenes_hg19.BEDvsCHR1_8_ALL_LOSS.txt	4511495	20842788	109762	25244521	4511495
CHR1_OMIM_OMI_hg19.BEDvsCHR1_8_ALL_LOSS.txt	4511495	118550	24906	4605139	118550
CHR1_Primary_CNVs_hg19.BEDvsCHR1_8_ALL_LOSS.txt	4511495	47081806	1554174	50039127	4511495
CHR1_CLINGEN+DECIPHER_hg19.BEDvsCHR1_8_ALL_LOSS.txt	4511495	14988693	1831438	17668750	4511495
CHR1_DECIPHER_hg19.BEDvsCHR1_8_ALL_LOSS.txt	4511495	14541819	1690579	17362735	4511495
CHR1_MorbidMap_hg19.BEDvsCHR1_8_ALL_LOSS.txt	4511495	18829385	133739	23207141	4511495
CHR1_OMIM_AllGenes_hg19.BEDvsCHR1_8_ALL_LOSS.txt	4511495	95036163	468702	99078956	4511495
CHR1_CooperPaper_hg19.BEDvsCHR1_8_B_GAIN.txt	3321914	18812009	983972	21149951	3321914
CHR1_ReportedCNVs_hg19.BEDvsCHR1_8_B_GAIN.txt	3321914	27202140	159595	30364459	3321914
CHR1_CLINGEN_Pathogenic_hg19.BEDvsCHR1_8_B_GAIN.txt	3321914	7066601	158809	10229706	3321914
CHR1_OMIM_Dominant_hg19.BEDvsCHR1_8_B_GAIN.txt	3321914	16396383	3716	19714581	3321914
CHR1_MMS_hg19.BEDvsCHR1_8_B_GAIN.txt	3321914	23921412	139126	27104200	3321914
CHR1_Primary_CNVs_10MB_hg19.BEDvsCHR1_8_B_GAIN.txt	3321914	47081806	158809	50244911	3321914
CHR1_OMIM_Recessive_hg19.BEDvsCHR1_8_B_GAIN.txt	3321914	10433026	42188	13712752	3321914
CHR1_HIgenes_hg19.BEDvsCHR1_8_B_GAIN.txt	3321914	20842788	0	24164702	3321914
CHR1_OMIM_OMI_hg19.BEDvsCHR1_8_B_GAIN.txt	3321914	118550	15386	3425078	118550
CHR1_Primary_CNVs_hg19.BEDvsCHR1_8_B_GAIN.txt	3321914	47081806	158809	50244911	3321914
CHR1_CLINGEN+DECIPHER_hg19.BEDvsCHR1_8_B_GAIN.txt	3321914	14988693	159595	18151012	3321914
CHR1_DECIPHER_hg19.BEDvsCHR1_8_B_GAIN.txt	3321914	14541819	159595	17704138	3321914
CHR1_MorbidMap_hg19.BEDvsCHR1_8_B_GAIN.txt	3321914	18829385	42188	22109111	3321914
CHR1_OMIM_AllGenes_hg19.BEDvsCHR1_8_B_GAIN.txt	3321914	95036163	977993	97380084	3321914
CHR1_CooperPaper_hg19.BEDvsCHR1_8_B_LOSS.txt	1335959	18812009	0	20147968	1335959
CHR1_ReportedCNVs_hg19.BEDvsCHR1_8_B_LOSS.txt	1335959	27202140	0	28538099	1335959
CHR1_CLINGEN_Pathogenic_hg19.BEDvsCHR1_8_B_LOSS.txt	1335959	7066601	0	8402560	1335959
CHR1_OMIM_Dominant_hg19.BEDvsCHR1_8_B_LOSS.txt	1335959	16396383	0	17732342	1335959
CHR1_MMS_hg19.BEDvsCHR1_8_B_LOSS.txt	1335959	23921412	0	25257371	1335959
CHR1_Primary_CNVs_10MB_hg19.BEDvsCHR1_8_B_LOSS.txt	1335959	47081806	0	48417765	1335959
CHR1_OMIM_Recessive_hg19.BEDvsCHR1_8_B_LOSS.txt	1335959	10433026	0	11768985	1335959
CHR1_HIgenes_hg19.BEDvsCHR1_8_B_LOSS.txt	1335959	20842788	0	22178747	1335959
CHR1_OMIM_OMI_hg19.BEDvsCHR1_8_B_LOSS.txt	1335959	118550	0	1454509	118550
CHR1_Primary_CNVs_hg19.BEDvsCHR1_8_B_LOSS.txt	1335959	47081806	0	48417765	1335959
CHR1_CLINGEN+DECIPHER_hg19.BEDvsCHR1_8_B_LOSS.txt	1335959	14988693	0	16324652	1335959
CHR1_DECIPHER_hg19.BEDvsCHR1_8_B_LOSS.txt	1335959	14541819	0	15877778	1335959
CHR1_MorbidMap_hg19.BEDvsCHR1_8_B_LOSS.txt	1335959	18829385	0	20165344	1335959
CHR1_OMIM_AllGenes_hg19.BEDvsCHR1_8_B_LOSS.txt	1335959	95036163	58006	96314116	1335959
CHR1_CooperPaper_hg19.BEDvsCHR1_8_B_USLB_GAIN.txt	26107484	18812009	1062151	43857342	18812009
CHR1_ReportedCNVs_hg19.BEDvsCHR1_8_B_USLB_GAIN.txt	26107484	27202140	201637	53107987	26107484
CHR1_CLINGEN_Pathogenic_hg19.BEDvsCHR1_8_B_USLB_GAIN.txt	26107484	7066601	200851	32973234	7066601
CHR1_OMIM_Dominant_hg19.BEDvsCHR1_8_B_USLB_GAIN.txt	26107484	16396383	3716	42500151	16396383
CHR1_MMS_hg19.BEDvsCHR1_8_B_USLB_GAIN.txt	26107484	23921412	181168	49847728	23921412
CHR1_Primary_CNVs_10MB_hg19.BEDvsCHR1_8_B_USLB_GAIN.txt	26107484	47081806	200851	72988439	26107484
CHR1_OMIM_Recessive_hg19.BEDvsCHR1_8_B_USLB_GAIN.txt	26107484	10433026	54396	36486114	10433026
CHR1_HIgenes_hg19.BEDvsCHR1_8_B_USLB_GAIN.txt	26107484	20842788	0	46950272	20842788
CHR1_OMIM_OMI_hg19.BEDvsCHR1_8_B_USLB_GAIN.txt	26107484	118550	17306	26208728	118550
CHR1_Primary_CNVs_hg19.BEDvsCHR1_8_B_USLB_GAIN.txt	26107484	47081806	200851	72988439	26107484
CHR1_CLINGEN+DECIPHER_hg19.BEDvsCHR1_8_B_USLB_GAIN.txt	26107484	14988693	201637	40894540	14988693
CHR1_DECIPHER_hg19.BEDvsCHR1_8_B_USLB_GAIN.txt	26107484	14541819	201637	40447666	14541819
CHR1_MorbidMap_hg19.BEDvsCHR1_8_B_USLB_GAIN.txt	26107484	18829385	54396	44882473	18829385
CHR1_OMIM_AllGenes_hg19.BEDvsCHR1_8_B_USLB_GAIN.txt	26107484	95036163	1083375	120060272	26107484
CHR1_CooperPaper_hg19.BEDvsCHR1_8_B_USLB_LOSS.txt	1337459	18812009	0	20149468	1337459
CHR1_ReportedCNVs_hg19.BEDvsCHR1_8_B_USLB_LOSS.txt	1337459	27202140	0	28539599	1337459
CHR1_CLINGEN_Pathogenic_hg19.BEDvsCHR1_8_B_USLB_LOSS.txt	1337459	7066601	0	8404060	1337459
CHR1_OMIM_Dominant_hg19.BEDvsCHR1_8_B_USLB_LOSS.txt	1337459	16396383	0	17733842	1337459
CHR1_MMS_hg19.BEDvsCHR1_8_B_USLB_LOSS.txt	1337459	23921412	0	25258871	1337459
CHR1_Primary_CNVs_10MB_hg19.BEDvsCHR1_8_B_USLB_LOSS.txt	1337459	47081806	1500	48417765	1337459
CHR1_OMIM_Recessive_hg19.BEDvsCHR1_8_B_USLB_LOSS.txt	1337459	10433026	1500	11768985	1337459
CHR1_HIgenes_hg19.BEDvsCHR1_8_B_USLB_LOSS.txt	1337459	20842788	0	22180247	1337459
CHR1_OMIM_OMI_hg19.BEDvsCHR1_8_B_USLB_LOSS.txt	1337459	118550	0	1456009	118550
CHR1_Primary_CNVs_hg19.BEDvsCHR1_8_B_USLB_LOSS.txt	1337459	47081806	1500	48417765	1337459
CHR1_CLINGEN+DECIPHER_hg19.BEDvsCHR1_8_B_USLB_LOSS.txt	1337459	14988693	0	16326152	1337459
CHR1_DECIPHER_hg19.BEDvsCHR1_8_B_USLB_LOSS.txt	1337459	14541819	0	15879278	1337459
CHR1_MorbidMap_hg19.BEDvsCHR1_8_B_USLB_LOSS.txt	1337459	18829385	1500	20165344	1337459
CHR1_OMIM_AllGenes_hg19.BEDvsCHR1_8_B_USLB_LOSS.txt	1337459	95036163	59506	96314116	1337459
CHR1_CooperPaper_hg19.BEDvsCHR1_9_ALL_GAIN.txt	31831966	18812009	5653429	44990546	18812009
CHR1_ReportedCNVs_hg19.BEDvsCHR1_9_ALL_GAIN.txt	31831966	27202140	2957473	56076633	27202140
CHR1_CLINGEN_Pathogenic_hg19.BEDvsCHR1_9_ALL_GAIN.txt	31831966	7066601	2035957	36862610	7066601
CHR1_OMIM_Dominant_hg19.BEDvsCHR1_9_ALL_GAIN.txt	31831966	16396383	625763	47602586	16396383
CHR1_MMS_hg19.BEDvsCHR1_9_ALL_GAIN.txt	31831966	23921412	2685070	53068308	23921412
CHR1_Primary_CNVs_10MB_hg19.BEDvsCHR1_9_ALL_GAIN.txt	31831966	47081806	4039294	74874478	31831966
CHR1_OMIM_Recessive_hg19.BEDvsCHR1_9_ALL_GAIN.txt	31831966	10433026	59061	42205931	10433026
CHR1_HIgenes_hg19.BEDvsCHR1_9_ALL_GAIN.txt	31831966	20842788	314304	52360450	20842788
CHR1_OMIM_OMI_hg19.BEDvsCHR1_9_ALL_GAIN.txt	31831966	118550	40898	31909618	118550
CHR1_Primary_CNVs_hg19.BEDvsCHR1_9_ALL_GAIN.txt	31831966	47081806	4039294	74874478	31831966
CHR1_CLINGEN+DECIPHER_hg19.BEDvsCHR1_9_ALL_GAIN.txt	31831966	14988693	2625374	44195285	14988693
CHR1_DECIPHER_hg19.BEDvsCHR1_9_ALL_GAIN.txt	31831966	14541819	2445318	43928467	14541819
CHR1_MorbidMap_hg19.BEDvsCHR1_9_ALL_GAIN.txt	31831966	18829385	332901	50328450	18829385
CHR1_OMIM_AllGenes_hg19.BEDvsCHR1_9_ALL_GAIN.txt	31831966	95036163	2146872	124721257	31831966
CHR1_CooperPaper_hg19.BEDvsCHR1_9_ALL_LOSS.txt	3559072	18812009	2211806	20159275	3559072
CHR1_ReportedCNVs_hg19.BEDvsCHR1_9_ALL_LOSS.txt	3559072	27202140	1782366	28978846	3559072
CHR1_CLINGEN_Pathogenic_hg19.BEDvsCHR1_9_ALL_LOSS.txt	3559072	7066601	1280753	9344920	3559072
CHR1_OMIM_Dominant_hg19.BEDvsCHR1_9_ALL_LOSS.txt	3559072	16396383	37374	19918081	3559072
CHR1_MMS_hg19.BEDvsCHR1_9_ALL_LOSS.txt	3559072	23921412	1588634	25891850	3559072
CHR1_Primary_CNVs_10MB_hg19.BEDvsCHR1_9_ALL_LOSS.txt	3559072	47081806	1379105	49261773	3559072
CHR1_OMIM_Recessive_hg19.BEDvsCHR1_9_ALL_LOSS.txt	3559072	10433026	5979	13986119	3559072
CHR1_HIgenes_hg19.BEDvsCHR1_9_ALL_LOSS.txt	3559072	20842788	109762	24292098	3559072
CHR1_OMIM_OMI_hg19.BEDvsCHR1_9_ALL_LOSS.txt	3559072	118550	24906	3652716	118550
CHR1_Primary_CNVs_hg19.BEDvsCHR1_9_ALL_LOSS.txt	3559072	47081806	1379105	49261773	3559072
CHR1_CLINGEN+DECIPHER_hg19.BEDvsCHR1_9_ALL_LOSS.txt	3559072	14988693	1782366	16765399	3559072
CHR1_DECIPHER_hg19.BEDvsCHR1_9_ALL_LOSS.txt	3559072	14541819	1641507	16459384	3559072
CHR1_MorbidMap_hg19.BEDvsCHR1_9_ALL_LOSS.txt	3559072	18829385	50920	22337537	3559072
CHR1_OMIM_AllGenes_hg19.BEDvsCHR1_9_ALL_LOSS.txt	3559072	95036163	57163	98538072	3559072
CHR1_CooperPaper_hg19.BEDvsCHR1_9_B_GAIN.txt	2780053	18812009	662761	20929301	2780053
CHR1_ReportedCNVs_hg19.BEDvsCHR1_9_B_GAIN.txt	2780053	27202140	159595	29822598	2780053
CHR1_CLINGEN_Pathogenic_hg19.BEDvsCHR1_9_B_GAIN.txt	2780053	7066601	158809	9687845	2780053
CHR1_OMIM_Dominant_hg19.BEDvsCHR1_9_B_GAIN.txt	2780053	16396383	0	19176436	2780053
CHR1_MMS_hg19.BEDvsCHR1_9_B_GAIN.txt	2780053	23921412	139126	26562339	2780053
CHR1_Primary_CNVs_10MB_hg19.BEDvsCHR1_9_B_GAIN.txt	2780053	47081806	158809	49703050	2780053
CHR1_OMIM_Recessive_hg19.BEDvsCHR1_9_B_GAIN.txt	2780053	10433026	36545	13176534	2780053
CHR1_HIgenes_hg19.BEDvsCHR1_9_B_GAIN.txt	2780053	20842788	0	23622841	2780053
CHR1_OMIM_OMI_hg19.BEDvsCHR1_9_B_GAIN.txt	2780053	118550	9743	2888860	118550
CHR1_Primary_CNVs_hg19.BEDvsCHR1_9_B_GAIN.txt	2780053	47081806	158809	49703050	2780053
CHR1_CLINGEN+DECIPHER_hg19.BEDvsCHR1_9_B_GAIN.txt	2780053	14988693	159595	17609151	2780053
CHR1_DECIPHER_hg19.BEDvsCHR1_9_B_GAIN.txt	2780053	14541819	159595	17162277	2780053
CHR1_MorbidMap_hg19.BEDvsCHR1_9_B_GAIN.txt	2780053	18829385	36545	21572893	2780053
CHR1_OMIM_AllGenes_hg19.BEDvsCHR1_9_B_GAIN.txt	2780053	95036163	971616	96844600	2780053
CHR1_CooperPaper_hg19.BEDvsCHR1_9_B_LOSS.txt	1239613	18812009	0	20051622	1239613
CHR1_ReportedCNVs_hg19.BEDvsCHR1_9_B_LOSS.txt	1239613	27202140	0	28441753	1239613
CHR1_CLINGEN_Pathogenic_hg19.BEDvsCHR1_9_B_LOSS.txt	1239613	7066601	0	8306214	1239613
CHR1_OMIM_Dominant_hg19.BEDvsCHR1_9_B_LOSS.txt	1239613	16396383	0	17635996	1239613
CHR1_MMS_hg19.BEDvsCHR1_9_B_LOSS.txt	1239613	23921412	0	25161025	1239613
CHR1_Primary_CNVs_10MB_hg19.BEDvsCHR1_9_B_LOSS.txt	1239613	47081806	0	48321419	1239613
CHR1_OMIM_Recessive_hg19.BEDvsCHR1_9_B_LOSS.txt	1239613	10433026	0	11672639	1239613
CHR1_HIgenes_hg19.BEDvsCHR1_9_B_LOSS.txt	1239613	20842788	0	22082401	1239613
CHR1_OMIM_OMI_hg19.BEDvsCHR1_9_B_LOSS.txt	1239613	118550	0	1358163	118550
CHR1_Primary_CNVs_hg19.BEDvsCHR1_9_B_LOSS.txt	1239613	47081806	0	48321419	1239613
CHR1_CLINGEN+DECIPHER_hg19.BEDvsCHR1_9_B_LOSS.txt	1239613	14988693	0	16228306	1239613
CHR1_DECIPHER_hg19.BEDvsCHR1_9_B_LOSS.txt	1239613	14541819	0	15781432	1239613
CHR1_MorbidMap_hg19.BEDvsCHR1_9_B_LOSS.txt	1239613	18829385	0	20068998	1239613
CHR1_OMIM_AllGenes_hg19.BEDvsCHR1_9_B_LOSS.txt	1239613	95036163	0	96275776	1239613
CHR1_CooperPaper_hg19.BEDvsCHR1_9_B_USLB_GAIN.txt	25602960	18812009	934878	43480091	18812009
CHR1_ReportedCNVs_hg19.BEDvsCHR1_9_B_USLB_GAIN.txt	25602960	27202140	159595	52645505	25602960
CHR1_CLINGEN_Pathogenic_hg19.BEDvsCHR1_9_B_USLB_GAIN.txt	25602960	7066601	158809	32510752	7066601
CHR1_OMIM_Dominant_hg19.BEDvsCHR1_9_B_USLB_GAIN.txt	25602960	16396383	3716	41995627	16396383
CHR1_MMS_hg19.BEDvsCHR1_9_B_USLB_GAIN.txt	25602960	23921412	139126	49385246	23921412
CHR1_Primary_CNVs_10MB_hg19.BEDvsCHR1_9_B_USLB_GAIN.txt	25602960	47081806	158809	72525957	25602960
CHR1_OMIM_Recessive_hg19.BEDvsCHR1_9_B_USLB_GAIN.txt	25602960	10433026	42794	35993192	10433026
CHR1_HIgenes_hg19.BEDvsCHR1_9_B_USLB_GAIN.txt	25602960	20842788	0	46445748	20842788
CHR1_OMIM_OMI_hg19.BEDvsCHR1_9_B_USLB_GAIN.txt	25602960	118550	15992	25705518	118550
CHR1_Primary_CNVs_hg19.BEDvsCHR1_9_B_USLB_GAIN.txt	25602960	47081806	158809	72525957	25602960
CHR1_CLINGEN+DECIPHER_hg19.BEDvsCHR1_9_B_USLB_GAIN.txt	25602960	14988693	159595	40432058	14988693
CHR1_DECIPHER_hg19.BEDvsCHR1_9_B_USLB_GAIN.txt	25602960	14541819	159595	39985184	14541819
CHR1_MorbidMap_hg19.BEDvsCHR1_9_B_USLB_GAIN.txt	25602960	18829385	42794	44389551	18829385
CHR1_OMIM_AllGenes_hg19.BEDvsCHR1_9_B_USLB_GAIN.txt	25602960	95036163	983798	119655325	25602960
CHR1_CooperPaper_hg19.BEDvsCHR1_9_B_USLB_LOSS.txt	1245856	18812009	0	20057865	1245856
CHR1_ReportedCNVs_hg19.BEDvsCHR1_9_B_USLB_LOSS.txt	1245856	27202140	0	28447996	1245856
CHR1_CLINGEN_Pathogenic_hg19.BEDvsCHR1_9_B_USLB_LOSS.txt	1245856	7066601	0	8312457	1245856
CHR1_OMIM_Dominant_hg19.BEDvsCHR1_9_B_USLB_LOSS.txt	1245856	16396383	0	17642239	1245856
CHR1_MMS_hg19.BEDvsCHR1_9_B_USLB_LOSS.txt	1245856	23921412	0	25167268	1245856
CHR1_Primary_CNVs_10MB_hg19.BEDvsCHR1_9_B_USLB_LOSS.txt	1245856	47081806	0	48327662	1245856
CHR1_OMIM_Recessive_hg19.BEDvsCHR1_9_B_USLB_LOSS.txt	1245856	10433026	0	11678882	1245856
CHR1_HIgenes_hg19.BEDvsCHR1_9_B_USLB_LOSS.txt	1245856	20842788	0	22088644	1245856
CHR1_OMIM_OMI_hg19.BEDvsCHR1_9_B_USLB_LOSS.txt	1245856	118550	0	1364406	118550
CHR1_Primary_CNVs_hg19.BEDvsCHR1_9_B_USLB_LOSS.txt	1245856	47081806	0	48327662	1245856
CHR1_CLINGEN+DECIPHER_hg19.BEDvsCHR1_9_B_USLB_LOSS.txt	1245856	14988693	0	16234549	1245856
CHR1_DECIPHER_hg19.BEDvsCHR1_9_B_USLB_LOSS.txt	1245856	14541819	0	15787675	1245856
CHR1_MorbidMap_hg19.BEDvsCHR1_9_B_USLB_LOSS.txt	1245856	18829385	0	20075241	1245856
CHR1_OMIM_AllGenes_hg19.BEDvsCHR1_9_B_USLB_LOSS.txt	1245856	95036163	6243	96275776	1245856
